49,48,49,49,49,50,50,50,51,49,
48,49,50,48,
48,48,48,50,
47,49,49,47,49,51,
47,48,47,50,48,47,48,51,50,47,50,51,
46,49,47,47,47,51,49,46,49,52,51,48,51,50,
50,46,50,52,51,47,51,51,52,49,
51,46,51,52,
50,45,50,53,52,47,52,51,
49,45,49,53,51,45,51,53,52,46,52,52,
50,44,50,54,52,45,52,53,
49,44,49,54,53,46,53,52,
48,45,48,53,53,45,53,47,53,51,53,53,
47,46,47,52,48,44,48,54,52,44,52,54,53,48,53,50,54,46,54,52,
46,47,46,51,47,45,47,53,49,43,49,55,53,44,53,49,53,54,54,45,54,53,
47,44,47,54,48,43,48,55,50,43,50,55,54,44,54,48,54,49,54,50,54,54,
46,45,46,53,47,43,47,55,49,42,49,56,51,43,51,55,53,43,53,55,55,45,55,49,55,53,
54,43,54,55,55,44,55,46,55,48,55,50,55,52,55,54,
55,43,55,55,56,45,56,49,56,53,
54,42,54,56,56,46,56,48,56,50,56,52,
53,42,53,56,55,42,55,56,57,49,
52,42,52,56,54,41,54,57,56,43,56,55,57,48,57,50,
51,42,51,56,55,41,55,57,56,42,56,56,57,47,57,51,58,49,
52,41,52,57,56,41,56,57,57,46,57,52,
51,41,51,57,55,40,55,58,57,42,57,45,57,53,57,56,58,47,58,51,
50,41,50,57,54,40,54,58,56,40,56,58,57,41,57,43,57,44,57,54,57,55,57,57,
51,40,51,58,53,40,53,58,55,39,55,59,57,40,57,58,58,42,58,43,58,44,58,45,58,53,58,54,58,55,58,56,
50,40,50,58,59,43,59,44,59,54,59,55,
49,41,49,57,59,42,59,45,59,53,59,56,
49,40,49,58,59,46,59,52,60,43,60,44,60,54,60,55,
48,41,48,57,50,39,50,59,60,42,60,56,
47,42,47,56,48,40,48,58,49,39,49,59,51,39,51,59,59,41,59,57,61,43,61,55,
46,43,46,55,47,41,47,57,48,39,48,59,50,38,50,60,52,39,52,59,58,40,58,58,60,41,60,57,61,42,61,44,61,54,61,56,
53,39,53,59,57,39,57,59,59,40,59,58,61,41,61,57,62,43,62,55,
52,38,52,60,62,44,62,54,
53,38,53,60,61,45,61,53,
54,38,54,60,60,46,60,52,62,45,62,53,
53,37,53,61,59,47,59,51,61,46,61,52,63,44,63,54,
52,37,52,61,54,37,54,61,59,48,59,50,62,46,62,52,63,43,63,45,63,53,63,55,
51,37,51,61,53,36,53,62,55,38,55,60,59,49,61,47,61,51,63,46,63,52,64,44,64,54,
54,36,54,62,55,37,55,61,56,38,56,60,60,49,64,43,64,55,
55,36,55,62,56,37,56,61,63,42,63,56,
54,35,54,63,56,36,56,62,57,38,57,60,62,41,62,57,64,42,64,56,
53,35,53,63,61,40,61,58,63,41,63,57,65,43,65,55,
64,41,64,57,65,42,65,44,65,54,65,56,
63,40,63,58,65,41,65,57,66,43,66,55,
66,44,66,54,
65,45,65,53,
64,46,64,52,66,45,66,53,
63,47,63,51,65,46,65,52,67,44,67,54,
66,46,66,52,67,43,67,45,67,53,67,55,
65,47,65,51,67,46,67,52,68,44,68,54,
68,43,68,55,
67,42,67,56,
66,41,66,57,68,42,68,56,
65,40,65,58,67,41,67,57,69,43,69,55,
68,41,68,57,69,42,69,44,69,54,69,56,
67,40,67,58,69,41,69,57,70,43,70,55,
70,44,70,54,
69,45,69,53,
68,46,68,52,70,45,70,53,
67,47,67,51,69,46,69,52,71,44,71,54,
70,46,70,52,71,43,71,45,71,53,71,55,
69,47,69,51,71,46,71,52,72,44,72,54,
72,43,72,55,
71,42,71,56,
70,41,70,57,72,42,72,56,
69,40,69,58,71,41,71,57,73,43,73,55,
72,41,72,57,73,42,73,44,73,54,73,56,
71,40,71,58,73,41,73,57,74,43,74,55,
74,44,74,54,
73,45,73,53,
72,46,72,52,74,45,74,53,
71,47,71,51,73,46,73,52,75,44,75,54,
74,46,74,52,75,43,75,45,75,53,75,55,
73,47,73,51,75,46,75,52,76,44,76,54,
76,43,76,55,
75,42,75,56,
74,41,74,57,76,42,76,56,
73,40,73,58,75,41,75,57,77,43,77,55,
76,41,76,57,77,42,77,44,77,54,77,56,
75,40,75,58,77,41,77,57,78,43,78,55,
78,44,78,54,
77,45,77,53,
76,46,76,52,78,45,78,53,
75,47,75,51,77,46,77,52,79,44,79,54,
78,46,78,52,79,43,79,45,79,53,79,55,
77,47,77,51,79,46,79,52,80,44,80,54,
80,43,80,55,
79,42,79,56,
78,41,78,57,80,42,80,56,
77,40,77,58,79,41,79,57,81,43,81,55,
80,41,80,57,81,42,81,44,81,54,81,56,
79,40,79,58,81,41,81,57,82,43,82,55,
82,44,82,54,
81,45,81,53,
80,46,80,52,82,45,82,53,
79,47,79,51,81,46,81,52,83,44,83,54,
82,46,82,52,83,43,83,45,83,53,83,55,
81,47,81,51,83,46,83,52,84,44,84,54,
84,43,84,55,
83,42,83,56,
82,41,82,57,84,42,84,56,
81,40,81,58,83,41,83,57,85,43,85,55,
84,41,84,57,85,42,85,44,85,54,85,56,
83,40,83,58,85,41,85,57,86,43,86,55,
86,44,86,54,
85,45,85,53,
84,46,84,52,86,45,86,53,
83,47,83,51,85,46,85,52,87,44,87,54,
86,46,86,52,87,43,87,45,87,53,87,55,
85,47,85,51,87,46,87,52,88,44,88,54,
88,43,88,55,
87,42,87,56,
86,41,86,57,88,42,88,56,
85,40,85,58,87,41,87,57,89,43,89,55,
88,41,88,57,89,42,89,44,89,54,89,56,
87,40,87,58,89,41,89,57,90,43,90,55,
90,44,90,54,
89,45,89,53,
88,46,88,52,90,45,90,53,
87,47,87,51,89,46,89,52,91,44,91,54,
90,46,90,52,91,43,91,45,91,53,91,55,
89,47,89,51,91,46,91,52,92,44,92,54,
92,43,92,55,
91,42,91,56,
90,41,90,57,92,42,92,56,
89,40,89,58,91,41,91,57,93,43,93,55,
92,41,92,57,93,42,93,44,93,54,93,56,
91,40,91,58,93,41,93,57,94,43,94,55,
94,44,94,54,
93,45,93,53,
92,46,92,52,94,45,94,53,
91,47,91,51,93,46,93,52,95,44,95,54,
94,46,94,52,95,43,95,45,95,53,95,55,
93,47,93,51,95,46,95,52,96,44,96,54,
96,43,96,55,
95,42,95,56,
94,41,94,57,96,42,96,56,
93,40,93,58,95,41,95,57,97,43,97,55,
96,41,96,57,97,42,97,44,97,54,97,56,
95,40,95,58,97,41,97,57,98,43,98,55,
98,44,98,54,
97,45,97,53,
96,46,96,52,98,45,98,53,
95,47,95,51,97,46,97,52,99,44,99,54,
98,46,98,52,99,43,99,45,99,53,99,55,
0,44,0,54,97,47,97,51,99,46,99,52,
0,43,0,55,
99,42,99,56,
0,42,0,56,98,41,98,57,
1,43,1,55,97,40,97,58,99,41,99,57,
0,41,0,57,1,42,1,44,1,54,1,56,
1,41,1,57,2,43,2,55,99,40,99,58,
2,44,2,54,
1,45,1,53,
0,46,0,52,2,45,2,53,
1,46,1,52,3,44,3,54,99,47,99,51,
2,46,2,52,3,43,3,45,3,53,3,55,
1,47,1,51,3,46,3,52,4,44,4,54,
4,43,4,55,
3,42,3,56,
2,41,2,57,4,42,4,56,
1,40,1,58,3,41,3,57,5,43,5,55,
4,41,4,57,5,42,5,44,5,54,5,56,
3,40,3,58,5,41,5,57,6,43,6,55,
6,44,6,54,
5,45,5,53,
4,46,4,52,6,45,6,53,
3,47,3,51,5,46,5,52,7,44,7,54,
6,46,6,52,7,43,7,45,7,53,7,55,
5,47,5,51,7,46,7,52,8,44,8,54,
8,43,8,55,
7,42,7,56,
6,41,6,57,8,42,8,56,
5,40,5,58,7,41,7,57,9,43,9,55,
8,41,8,57,9,42,9,44,9,54,9,56,
7,40,7,58,9,41,9,57,10,43,10,55,
10,44,10,54,
9,45,9,53,
8,46,8,52,10,45,10,53,
7,47,7,51,9,46,9,52,11,44,11,54,
10,46,10,52,11,43,11,45,11,53,11,55,
9,47,9,51,11,46,11,52,12,44,12,54,
12,43,12,55,
11,42,11,56,
10,41,10,57,12,42,12,56,
9,40,9,58,11,41,11,57,13,43,13,55,
12,41,12,57,13,42,13,44,13,54,13,56,
11,40,11,58,13,41,13,57,14,43,14,55,
14,44,14,54,
13,45,13,53,
12,46,12,52,14,45,14,53,
11,47,11,51,13,46,13,52,15,44,15,54,
14,46,14,52,15,43,15,45,15,53,15,55,
13,47,13,51,15,46,15,52,16,44,16,54,
16,43,16,55,
15,42,15,56,
14,41,14,57,16,42,16,56,
13,40,13,58,15,41,15,57,17,43,17,55,
16,41,16,57,17,42,17,44,17,54,17,56,
15,40,15,58,17,41,17,57,18,43,18,55,
18,44,18,54,
17,45,17,53,
16,46,16,52,18,45,18,53,
15,47,15,51,17,46,17,52,19,44,19,54,
18,46,18,52,19,43,19,45,19,53,19,55,
17,47,17,51,19,46,19,52,20,44,20,54,
20,43,20,55,
19,42,19,56,
18,41,18,57,20,42,20,56,
17,40,17,58,19,41,19,57,21,43,21,55,
20,41,20,57,21,42,21,44,21,54,21,56,
19,40,19,58,21,41,21,57,22,43,22,55,
22,44,22,54,
21,45,21,53,
20,46,20,52,22,45,22,53,
19,47,19,51,21,46,21,52,23,44,23,54,
22,46,22,52,23,43,23,45,23,53,23,55,
21,47,21,51,23,46,23,52,24,44,24,54,
24,43,24,55,
23,42,23,56,
22,41,22,57,24,42,24,56,
21,40,21,58,23,41,23,57,25,43,25,55,
24,41,24,57,25,42,25,44,25,54,25,56,
23,40,23,58,25,41,25,57,26,43,26,55,
26,44,26,54,
25,45,25,53,
24,46,24,52,26,45,26,53,
23,47,23,51,25,46,25,52,27,44,27,54,
26,46,26,52,27,43,27,45,27,53,27,55,
25,47,25,51,27,46,27,52,28,44,28,54,
28,43,28,55,
27,42,27,56,
26,41,26,57,28,42,28,56,
25,40,25,58,27,41,27,57,29,43,29,55,
28,41,28,57,29,42,29,44,29,54,29,56,
27,40,27,58,29,41,29,57,30,43,30,55,
30,44,30,54,
29,45,29,53,
28,46,28,52,30,45,30,53,
27,47,27,51,29,46,29,52,31,44,31,54,
30,46,30,52,31,43,31,45,31,53,31,55,
29,47,29,51,31,46,31,52,32,44,32,54,
32,43,32,55,
31,42,31,56,
30,41,30,57,32,42,32,56,
29,40,29,58,31,41,31,57,33,43,33,55,
32,41,32,57,33,42,33,44,33,54,33,56,
31,40,31,58,33,41,33,57,34,43,34,55,
34,44,34,54,
33,45,33,53,
32,46,32,52,34,45,34,53,
31,47,31,51,33,46,33,52,35,44,35,54,
34,46,34,52,35,43,35,45,35,53,35,55,
33,47,33,51,35,46,35,52,36,44,36,54,
36,43,36,55,
35,42,35,56,
34,41,34,57,36,42,36,56,
33,40,33,58,35,41,35,57,37,43,37,55,
36,41,36,57,37,42,37,44,37,54,37,56,
35,40,35,58,37,41,37,57,38,43,38,55,
38,44,38,54,
37,45,37,53,
36,46,36,52,38,45,38,53,
35,47,35,51,37,46,37,52,39,44,39,54,
38,46,38,52,39,43,39,45,39,53,39,55,
37,47,37,51,39,46,39,52,40,44,40,54,
40,43,40,55,
39,42,39,56,
38,41,38,57,40,42,40,56,
37,40,37,58,39,41,39,57,41,43,41,55,
40,41,40,57,41,42,41,44,41,54,41,56,
39,40,39,58,41,41,41,57,42,43,42,55,
42,44,42,54,
41,45,41,53,
40,46,40,52,42,45,42,53,
39,47,39,51,41,46,41,52,43,44,43,54,
42,46,42,52,43,43,43,45,43,53,43,55,
41,47,41,51,43,46,43,52,44,44,44,54,
44,43,44,55,45,44,45,54,
43,42,43,56,45,45,45,53,
42,41,42,57,44,42,44,46,44,52,44,56,45,46,45,52,
41,40,41,58,43,41,43,47,43,51,43,57,44,47,44,51,45,42,45,47,45,51,45,56,
44,48,44,50,46,41,46,57,
43,48,43,50,45,41,45,49,45,57,
42,48,42,50,46,40,46,58,
45,40,45,58,47,39,47,59,
44,40,44,58,46,39,46,59,48,38,48,60,
43,40,43,58,
44,39,44,59,
43,39,43,59,
42,39,42,59,
43,38,43,60,
42,38,42,60,44,38,44,60,
41,39,41,59,43,37,43,61,45,38,45,60,
40,39,40,59,41,38,41,60,42,37,42,61,46,38,46,60,
40,38,40,60,41,37,41,61,45,37,45,61,
39,39,39,59,40,37,40,61,42,36,42,62,46,37,46,61,
38,39,38,59,43,36,43,62,47,37,47,61,
44,36,44,62,46,36,46,62,
43,35,43,63,47,36,47,62,
42,35,42,63,44,35,44,63,48,37,48,61,
43,34,43,64,45,35,45,63,48,36,48,62,49,37,49,61,
42,34,42,64,46,35,46,63,47,35,47,63,49,36,49,62,50,37,50,61,
41,35,41,63,45,34,45,64,46,34,46,64,51,36,51,62,
40,36,40,62,41,34,41,64,47,34,47,64,52,35,52,63,
39,37,39,61,40,35,40,63,42,33,42,65,46,33,46,65,53,34,53,64,
38,38,38,60,40,34,40,64,41,33,41,65,43,33,43,65,45,33,45,65,47,33,47,65,52,34,52,64,54,34,54,64,
37,39,37,59,39,35,39,63,40,33,40,65,42,32,42,66,46,32,46,66,48,34,48,64,51,35,51,63,53,33,53,65,
36,39,36,59,37,38,37,60,43,32,43,66,45,32,45,66,47,32,47,66,48,33,48,65,49,35,49,63,50,35,50,63,51,34,51,64,52,33,52,65,54,33,54,65,
36,38,36,60,38,37,38,61,46,31,46,67,48,32,48,66,51,33,51,65,53,32,53,66,55,34,55,64,
35,39,35,59,38,36,38,62,45,31,45,67,49,33,49,65,54,32,54,66,55,33,55,65,56,35,56,63,
34,39,34,59,35,38,35,60,44,31,44,67,49,32,49,66,50,33,50,65,55,32,55,66,56,34,56,64,57,36,57,62,
34,38,34,60,36,37,36,61,43,31,43,67,45,30,45,68,48,31,48,67,51,32,51,66,54,31,54,67,
33,39,33,59,37,36,37,62,42,31,42,67,46,30,46,68,49,31,49,67,53,31,53,67,55,31,55,67,
32,39,32,59,33,38,33,60,38,35,38,63,43,30,43,68,47,30,47,68,50,31,50,67,52,31,52,67,54,30,54,68,56,32,56,66,
32,38,32,60,34,37,34,61,37,35,37,63,42,30,42,68,46,29,46,69,48,30,48,68,49,30,49,68,51,31,51,67,55,30,55,68,56,31,56,67,
31,39,31,59,36,36,36,62,38,34,38,64,41,31,41,67,45,29,45,69,48,29,48,69,51,30,51,68,52,30,52,68,56,30,56,68,
30,39,30,59,31,38,31,60,35,36,35,62,36,35,36,63,37,34,37,64,39,33,39,65,40,32,40,66,41,30,41,68,44,29,44,69,49,29,49,69,55,29,55,69,57,31,57,67,
30,38,30,60,32,37,32,61,35,35,35,63,36,34,36,64,38,33,38,65,39,32,39,66,40,31,40,67,42,29,42,69,43,29,43,69,45,28,45,70,50,29,50,69,54,29,54,69,56,29,56,69,57,30,57,32,57,66,57,68,
29,39,29,59,34,36,34,62,35,34,35,64,38,32,38,66,39,31,39,67,40,30,40,68,41,29,41,69,43,28,43,70,46,28,46,70,49,28,49,70,51,29,51,69,53,29,53,69,55,28,55,70,57,29,57,33,57,65,57,69,58,31,58,67,
28,39,28,59,29,38,29,60,33,36,33,62,36,33,36,65,38,31,38,67,39,30,39,68,40,29,40,69,47,28,47,70,48,28,48,70,57,34,57,64,
28,38,28,60,30,37,30,61,35,33,35,65,38,30,38,68,39,29,39,69,41,28,41,70,46,27,46,71,47,27,47,71,48,27,48,71,58,33,58,65,
27,39,27,59,34,34,34,64,37,31,37,67,38,29,38,69,45,27,45,71,47,26,47,72,49,27,49,71,58,34,58,64,
26,39,26,59,27,38,27,60,33,35,33,63,34,33,34,65,36,32,36,66,39,28,39,70,44,27,44,71,58,35,58,63,
26,38,26,60,28,37,28,61,32,36,32,62,33,34,33,64,38,28,38,70,45,26,45,72,59,34,59,64,
25,39,25,59,31,36,31,62,33,33,33,65,37,29,37,69,44,26,44,72,59,33,59,35,59,63,59,65,
24,39,24,59,25,38,25,60,32,34,32,64,34,32,34,66,37,28,37,70,43,27,43,71,58,36,58,62,59,32,59,66,60,34,60,64,
24,38,24,60,26,37,26,61,31,35,31,63,32,33,32,65,33,32,33,66,38,27,38,71,42,27,42,71,43,26,43,72,58,37,58,61,59,36,59,62,60,35,60,63,
23,39,23,59,30,36,30,62,31,34,31,64,32,32,32,66,37,27,37,71,39,27,39,71,42,26,42,72,44,25,44,73,58,38,58,60,59,37,59,61,60,36,60,62,
22,39,22,59,23,38,23,60,29,36,29,62,33,31,33,67,36,28,36,70,38,26,38,72,40,27,40,71,41,27,41,71,45,25,45,73,59,38,59,39,59,59,59,60,60,37,60,61,61,35,61,63,
22,38,22,60,24,37,24,61,32,31,32,67,34,31,34,67,36,27,36,29,36,69,36,71,37,26,37,72,40,26,40,72,46,25,46,73,61,34,61,64,
21,39,21,59,31,32,31,66,33,30,33,68,35,28,35,31,35,67,35,70,36,26,36,30,36,68,36,72,45,24,45,74,
20,39,20,59,21,38,21,60,31,31,31,67,32,30,32,68,37,25,37,73,44,24,44,74,46,24,46,74,
20,38,20,60,22,37,22,61,31,30,31,68,36,25,36,73,38,25,38,73,45,23,45,75,47,25,47,73,
19,39,19,59,30,31,30,67,32,29,32,69,35,26,35,72,37,24,37,74,39,25,39,73,44,23,44,75,46,23,46,75,47,24,47,74,
18,39,18,59,19,38,19,60,30,30,30,32,30,66,30,68,31,29,31,69,33,29,33,69,35,25,35,73,36,24,36,74,43,24,43,74,45,22,45,76,47,23,47,75,48,25,48,73,
18,38,18,60,20,37,20,61,29,31,29,67,30,29,30,33,30,65,30,69,32,28,32,70,34,29,34,69,35,24,35,74,42,25,42,73,43,23,43,75,44,22,44,76,49,26,49,72,
17,39,17,59,30,34,30,64,34,25,34,28,34,70,34,73,36,23,36,75,41,25,41,73,42,24,42,74,43,22,43,76,50,27,50,71,
16,39,16,59,17,38,17,60,29,33,29,35,29,63,29,65,34,24,34,26,34,27,34,71,34,72,34,74,35,23,35,75,37,23,37,75,40,25,40,73,41,24,41,74,44,21,44,77,50,26,50,72,51,28,51,70,
16,38,16,60,18,37,18,61,28,36,28,62,33,25,33,26,33,72,33,73,34,23,34,75,36,22,36,76,39,24,39,74,43,21,43,77,45,21,45,77,49,25,49,73,51,27,51,71,52,28,52,70,
15,39,15,59,27,36,27,62,28,35,28,63,37,22,37,76,38,23,38,75,42,22,42,76,44,20,44,78,50,25,50,73,51,26,51,72,52,27,52,71,53,28,53,70,
14,39,14,59,15,38,15,60,27,35,27,63,28,34,28,64,38,22,38,76,41,23,41,75,42,21,42,77,43,20,43,78,45,20,45,78,49,24,49,74,51,25,51,73,52,26,52,72,53,27,53,71,
14,38,14,60,16,37,16,61,26,36,26,62,27,34,27,64,37,21,37,77,39,23,39,75,40,23,40,75,41,22,41,76,42,20,42,78,44,19,44,79,46,21,46,77,48,23,48,75,52,25,52,73,53,26,53,72,54,27,54,71,
13,39,13,59,25,36,25,62,28,33,28,65,36,21,36,77,38,21,38,77,45,19,45,79,46,20,46,78,51,24,51,74,53,25,53,73,54,26,54,72,
12,39,12,59,13,38,13,60,27,33,27,65,28,32,28,66,37,20,37,78,46,19,46,79,54,25,54,73,55,27,55,71,
12,38,12,60,14,37,14,61,26,34,26,64,27,32,27,66,36,20,36,78,38,20,38,78,45,18,45,80,47,20,47,78,53,24,53,74,
11,39,11,59,25,35,25,63,28,31,28,67,35,21,35,77,37,19,37,79,39,21,39,77,44,18,44,80,46,18,46,80,47,19,47,21,47,77,47,79,54,24,54,74,
10,39,10,59,11,38,11,60,24,36,24,62,27,31,27,67,34,22,34,76,35,20,35,78,36,19,36,79,38,19,38,79,39,20,39,78,45,17,45,81,47,18,47,80,48,20,48,22,48,76,48,78,55,25,55,73,
10,38,10,60,12,37,12,61,23,36,23,62,24,35,24,63,26,32,26,66,28,30,28,68,33,23,33,75,34,21,34,77,35,19,35,79,37,18,37,80,39,19,39,79,40,21,40,77,44,17,44,81,49,23,49,75,55,24,55,74,
9,39,9,59,23,35,23,63,25,34,25,64,26,31,26,67,27,30,27,68,29,29,29,69,41,20,41,78,43,18,43,80,49,22,49,76,50,23,50,75,54,23,54,75,
8,39,8,59,9,38,9,60,22,36,22,62,25,33,25,65,26,30,26,68,28,29,28,69,30,28,30,70,40,19,40,79,43,17,43,81,49,21,49,77,50,22,50,76,53,23,53,75,55,23,55,75,
8,38,8,60,10,37,10,61,21,36,21,62,22,35,22,63,25,31,25,32,25,66,25,67,39,18,39,80,41,19,41,79,44,16,44,82,50,21,50,77,51,23,51,75,52,23,52,75,54,22,54,76,56,24,56,74,
7,39,7,59,21,35,21,63,23,34,23,64,24,32,24,33,24,65,24,66,25,30,25,68,42,18,42,80,43,16,43,82,45,16,45,82,49,20,49,78,52,22,52,76,55,22,55,76,56,23,56,25,56,73,56,75,
6,39,6,59,7,38,7,60,20,36,20,62,23,33,23,65,26,29,26,69,41,18,41,80,44,15,44,83,50,20,50,78,51,21,51,77,56,22,56,26,56,72,56,76,57,24,57,74,
6,38,6,60,8,37,8,61,19,36,19,62,20,35,20,63,23,32,23,66,25,29,25,69,43,15,43,83,45,15,45,83,49,19,49,79,51,20,51,78,55,21,55,77,56,27,56,71,
5,39,5,59,19,35,19,63,21,34,21,64,22,33,22,65,24,30,24,68,42,16,42,82,44,14,44,84,46,16,46,82,48,18,48,80,52,21,52,77,54,21,54,77,56,21,56,77,57,26,57,28,57,70,57,72,
4,39,4,59,5,38,5,60,18,36,18,62,22,32,22,66,23,31,23,67,24,29,24,69,41,17,41,81,42,15,42,83,43,14,43,84,45,14,45,84,46,15,46,83,52,20,52,78,55,20,55,78,57,22,57,76,58,29,58,69,
4,38,4,60,6,37,6,61,17,36,17,62,18,35,18,63,21,33,21,65,22,31,22,67,23,30,23,68,25,28,25,70,40,17,40,81,41,16,41,82,42,14,42,84,44,13,44,85,46,14,46,84,51,19,51,79,53,20,53,78,54,20,54,78,56,20,56,78,57,21,57,77,58,28,58,70,
3,39,3,59,17,35,17,63,19,34,19,64,22,30,22,68,23,29,23,69,24,28,24,70,26,28,26,70,40,16,40,82,47,15,47,83,53,19,53,79,54,19,54,79,55,19,55,79,57,20,57,78,58,27,58,71,
2,39,2,59,3,38,3,60,16,36,16,62,20,33,20,65,21,31,21,67,22,29,22,69,23,28,23,70,25,27,25,71,27,28,27,70,39,17,39,81,47,14,47,16,47,82,47,84,54,18,54,80,58,21,58,77,59,28,59,70,
2,38,2,60,4,37,4,61,15,36,15,62,16,35,16,63,20,32,20,66,22,28,22,70,28,28,28,70,38,17,38,81,39,16,39,82,46,13,46,85,48,15,48,17,48,81,48,83,53,18,53,80,55,18,55,80,58,20,58,22,58,76,58,78,59,27,59,29,59,69,59,71,
1,39,1,59,15,35,15,63,17,34,17,64,19,33,19,65,21,29,21,69,23,27,23,71,27,27,27,71,38,16,38,82,40,15,40,83,47,13,47,85,48,14,48,84,49,18,49,80,52,18,52,80,54,17,54,81,57,19,57,79,58,23,58,26,58,72,58,75,59,21,59,30,59,68,59,77,60,28,60,70,
0,39,0,59,1,38,1,60,14,36,14,62,18,33,18,65,19,32,19,66,21,28,21,70,22,27,22,71,28,27,28,71,37,17,37,81,41,14,41,84,48,13,48,85,49,17,49,81,50,18,50,80,55,17,55,81,56,18,56,80,58,19,58,25,58,73,58,79,59,20,59,26,59,31,59,67,59,72,59,78,60,27,60,71,
0,38,0,60,2,37,2,61,13,36,13,62,14,35,14,63,18,32,18,66,20,31,20,67,21,27,21,71,29,27,29,71,37,16,37,82,42,13,42,85,47,12,47,86,49,14,49,16,49,82,49,84,50,17,50,81,51,18,51,80,56,17,56,81,57,18,57,80,58,24,58,74,59,19,59,25,59,73,59,79,60,26,60,30,60,31,60,32,60,66,60,67,60,68,60,72,
13,35,13,63,15,34,15,64,17,33,17,65,20,28,20,30,20,68,20,70,22,26,22,72,28,26,28,72,36,17,36,81,38,15,38,83,41,13,41,85,46,12,46,86,48,12,48,86,49,13,49,85,50,16,50,82,52,17,52,81,55,16,55,82,57,17,57,81,59,23,59,75,60,20,60,25,60,73,60,78,61,27,61,31,61,33,61,65,61,67,61,71,99,39,99,59,
12,36,12,62,16,33,16,65,17,32,17,66,20,27,20,71,21,26,21,72,23,26,23,72,27,26,27,72,29,26,29,72,35,18,35,80,36,16,36,82,37,15,37,83,40,14,40,84,45,12,45,86,47,11,47,87,49,12,49,86,50,15,50,83,51,16,51,82,54,16,54,82,60,19,60,21,60,24,60,74,60,77,60,79,61,28,61,30,61,68,61,70,62,34,62,64,98,39,98,59,99,38,99,60,
0,37,0,61,11,36,11,62,12,35,12,63,16,32,16,66,18,31,18,67,20,26,20,72,22,25,22,73,24,26,24,72,26,26,26,72,28,25,28,73,30,27,30,71,34,19,34,79,35,17,35,81,36,15,36,83,39,14,39,84,40,13,40,85,50,13,50,14,50,84,50,85,51,15,51,83,53,16,53,82,59,18,59,80,60,22,60,76,61,20,61,25,61,73,61,78,62,33,62,35,62,63,62,65,98,38,98,60,
11,35,11,63,13,34,13,64,15,33,15,65,19,27,19,30,19,68,19,71,25,26,25,72,29,25,29,73,30,26,30,72,31,27,31,71,37,14,37,84,38,14,38,84,39,13,39,85,41,12,41,86,50,12,50,86,52,15,52,83,54,15,54,83,58,17,58,81,60,18,60,23,60,75,60,80,61,19,61,24,61,74,61,79,62,32,62,66,63,34,63,64,97,39,97,59,
10,36,10,62,14,33,14,65,15,32,15,66,19,26,19,28,19,29,19,69,19,70,19,72,24,25,24,73,25,25,25,73,26,25,26,73,30,25,30,73,31,26,31,72,32,26,32,27,32,71,32,72,36,14,36,84,42,12,42,86,49,11,49,87,51,13,51,85,55,15,55,83,57,16,57,82,59,17,59,81,61,18,61,22,61,76,61,80,62,31,62,67,63,35,63,63,96,39,96,59,97,38,97,60,
9,36,9,62,10,35,10,63,14,32,14,66,16,31,16,67,18,27,18,28,18,29,18,30,18,68,18,69,18,70,18,71,20,25,20,73,25,24,25,74,29,24,29,74,35,15,35,83,37,13,37,85,43,12,43,86,50,11,50,87,51,12,51,86,52,14,52,84,56,15,56,83,62,19,62,30,62,36,62,62,62,68,62,79,63,32,63,66,96,38,96,60,98,37,98,61,
9,35,9,63,11,34,11,64,13,33,13,65,17,28,17,29,17,69,17,70,18,26,18,72,19,25,19,73,24,24,24,74,26,24,26,74,28,24,28,74,30,24,30,74,35,14,35,84,36,13,36,85,42,11,42,87,44,12,44,86,51,11,51,87,52,13,52,85,53,14,53,84,55,14,55,84,61,37,61,61,62,18,62,20,62,29,62,69,62,78,62,80,63,36,63,62,95,39,95,59,
8,36,8,62,12,33,12,65,13,32,13,66,18,25,18,73,23,24,23,74,25,23,25,75,29,23,29,75,35,13,35,85,41,11,41,87,44,11,44,87,45,11,45,87,50,10,50,88,53,13,53,85,56,14,56,84,61,17,61,81,62,21,62,28,62,37,62,61,62,70,62,77,63,19,63,30,63,68,63,79,64,35,64,63,94,39,94,59,95,38,95,60,
7,36,7,62,8,35,8,63,12,32,12,66,14,31,14,67,17,26,17,72,19,24,19,74,26,23,26,75,28,23,28,75,30,23,30,75,34,14,34,84,36,12,36,86,49,10,49,88,51,10,51,88,54,13,54,85,57,15,57,83,61,38,61,60,62,17,62,27,62,71,62,81,63,18,63,37,63,61,63,80,64,34,64,36,64,62,64,64,94,38,94,60,96,37,96,61,
7,35,7,63,9,34,9,64,11,33,11,65,17,25,17,73,18,24,18,74,20,24,20,74,29,22,29,76,31,24,31,74,34,13,34,15,34,83,34,85,35,12,35,86,37,12,37,86,48,10,48,88,50,9,50,89,52,11,52,87,53,12,53,86,55,13,55,85,57,14,57,84,62,26,62,39,62,59,62,72,63,17,63,28,63,70,63,81,64,33,64,37,64,61,64,65,65,35,65,63,93,39,93,59,
6,36,6,62,10,33,10,65,11,32,11,66,17,24,17,74,19,23,19,75,21,24,21,74,28,22,28,76,30,22,30,76,31,23,31,75,32,24,32,74,33,14,33,84,34,12,34,16,34,82,34,86,36,11,36,87,38,12,38,86,51,9,51,89,52,10,52,88,58,15,58,83,61,39,61,59,62,16,62,25,62,73,62,82,64,18,64,80,92,39,92,59,93,38,93,60,
5,36,5,62,6,35,6,63,10,32,10,66,12,31,12,67,16,25,16,73,22,24,22,74,27,22,27,76,29,21,29,77,31,22,31,76,34,17,34,81,39,12,39,86,52,9,52,89,53,11,53,87,58,14,58,84,59,16,59,82,61,16,61,82,62,24,62,74,63,16,63,26,63,72,63,82,64,17,64,19,64,79,64,81,92,38,92,60,94,37,94,61,
5,35,5,63,7,34,7,64,9,33,9,65,16,24,16,26,16,72,16,74,21,23,21,75,22,23,22,75,23,23,23,75,26,22,26,76,32,22,32,76,33,16,33,82,38,11,38,87,40,11,40,87,51,8,51,90,57,13,57,85,59,15,59,83,62,15,62,23,62,75,62,83,64,16,64,82,65,18,65,80,91,39,91,59,
4,36,4,62,8,33,8,65,9,32,9,66,15,25,15,73,16,27,16,71,17,23,17,75,22,22,22,76,25,22,25,76,27,21,27,77,31,21,31,77,33,17,33,21,33,77,33,81,41,10,41,88,50,8,50,90,52,8,52,90,58,13,58,85,59,14,59,84,60,15,60,83,61,15,61,83,62,22,62,76,63,24,63,74,65,19,65,79,90,39,90,59,91,38,91,60,
3,36,3,62,4,35,4,63,8,32,8,66,10,31,10,67,15,24,15,74,16,23,16,28,16,70,16,75,21,22,21,76,23,22,23,76,24,22,24,76,33,18,33,20,33,78,33,80,40,10,40,88,42,10,42,88,51,7,51,91,53,9,53,89,59,13,59,85,61,14,61,84,63,21,63,22,63,76,63,77,64,20,64,78,90,38,90,60,92,37,92,61,
3,35,3,63,5,34,5,64,7,33,7,65,15,23,15,27,15,71,15,75,16,29,16,69,20,22,20,76,22,21,22,77,23,21,23,77,24,21,24,77,25,21,25,77,32,17,32,20,32,78,32,81,33,19,33,79,39,10,39,88,41,9,41,89,43,10,43,88,50,7,50,91,52,7,52,91,53,8,53,90,58,12,58,86,60,13,60,85,62,14,62,84,64,21,64,77,65,20,65,78,89,39,89,59,
2,36,2,62,6,33,6,65,7,32,7,66,14,24,14,74,15,30,15,68,16,22,16,30,16,68,16,76,23,20,23,78,24,20,24,78,32,16,32,82,44,10,44,88,49,8,49,90,51,6,51,92,53,7,53,91,57,12,57,86,61,13,61,85,64,22,64,76,65,21,65,77,66,19,66,79,88,39,88,59,89,38,89,60,
1,36,1,62,2,35,2,63,6,32,6,66,8,31,8,67,14,23,14,25,14,73,14,75,15,22,15,76,17,22,17,76,22,20,22,78,25,20,25,78,32,15,32,83,43,9,43,89,45,10,45,88,48,9,48,89,49,7,49,91,50,6,50,92,54,8,54,90,56,12,56,86,60,12,60,86,62,13,62,85,64,23,64,75,65,22,65,76,66,18,66,80,88,38,88,60,90,37,90,61,
1,35,1,63,3,34,3,64,5,33,5,65,13,24,13,74,14,22,14,26,14,72,14,76,16,21,16,77,18,22,18,76,23,19,23,79,24,19,24,79,26,20,26,78,31,16,31,82,46,10,46,88,47,10,47,88,48,8,48,90,49,6,49,92,54,7,54,9,54,89,54,91,55,12,55,86,57,11,57,87,63,14,63,84,65,23,65,75,66,21,66,77,87,39,87,59,
0,36,0,62,4,33,4,65,5,32,5,66,19,22,19,76,22,19,22,79,31,15,31,17,31,81,31,83,45,9,45,89,46,9,46,89,50,5,50,93,53,6,53,92,54,10,54,11,54,87,54,88,55,8,55,90,58,11,58,87,63,13,63,85,64,15,64,24,64,74,64,83,86,39,86,59,87,38,87,60,
0,35,0,63,4,32,4,66,6,31,6,67,18,21,18,77,19,21,19,77,20,21,20,77,21,20,21,78,23,18,23,80,30,16,30,82,32,14,32,84,47,8,47,90,49,5,49,93,51,5,51,93,54,6,54,92,55,7,55,10,55,88,55,91,59,11,59,87,62,12,62,86,64,14,64,25,64,73,64,84,65,16,65,24,65,74,65,82,86,38,86,60,88,37,88,61,99,36,99,62,
1,34,1,64,3,33,3,65,19,20,19,78,20,20,20,78,21,19,21,79,22,18,22,80,24,18,24,80,30,15,30,17,30,81,30,83,31,14,31,84,46,8,46,90,48,6,48,92,50,4,50,94,52,5,52,93,55,6,55,92,58,10,58,88,63,12,63,86,64,13,64,85,65,25,65,73,66,17,66,23,66,75,66,81,85,39,85,59,99,35,99,63,
2,33,2,65,3,32,3,66,18,20,18,78,21,18,21,80,23,17,23,81,29,16,29,82,30,14,30,84,31,18,31,80,32,13,32,85,45,8,45,90,48,5,48,93,49,4,49,94,53,5,53,93,54,5,54,93,56,7,56,91,57,10,57,88,59,10,59,88,64,12,64,26,64,72,64,86,65,14,65,84,67,18,67,80,84,39,84,59,85,38,85,60,98,36,98,62,
2,32,2,66,4,31,4,67,17,20,17,78,19,19,19,79,24,17,24,81,29,17,29,81,30,18,30,80,33,12,33,86,44,8,44,90,46,7,46,91,48,4,48,94,52,4,52,94,53,4,53,94,55,5,55,93,56,6,56,8,56,9,56,10,56,88,56,89,56,90,56,92,58,9,58,89,60,11,60,87,63,11,63,87,64,27,64,71,65,26,65,72,67,17,67,19,67,79,67,81,84,38,84,60,86,37,86,61,97,36,97,62,98,35,98,63,
1,33,1,65,20,18,20,80,25,18,25,80,29,18,29,80,31,19,31,79,34,11,34,87,47,5,47,6,47,92,47,93,49,3,49,95,56,5,56,93,57,7,57,91,59,9,59,89,60,10,60,88,61,11,61,87,62,11,62,87,64,11,64,87,65,27,65,71,66,16,66,25,66,73,66,82,67,20,67,78,68,18,68,80,83,39,83,59,97,35,97,63,99,34,99,64,
0,33,0,65,1,32,1,66,21,17,21,81,25,17,25,81,26,19,26,79,28,17,28,81,30,20,30,78,31,20,31,78,33,11,33,87,46,6,46,92,47,4,47,94,48,3,48,95,50,3,50,95,55,4,55,94,58,8,58,90,60,9,60,89,62,10,62,88,63,10,63,88,64,28,64,70,65,12,65,86,66,15,66,83,67,16,67,82,68,17,68,81,82,39,82,59,83,38,83,60,96,36,96,62,
0,32,0,66,2,31,2,67,20,17,20,81,24,16,24,82,26,18,26,80,27,20,27,78,28,16,28,18,28,80,28,82,29,19,29,79,32,12,32,86,47,3,47,95,49,2,49,96,51,3,51,95,56,4,56,94,61,9,61,89,64,10,64,29,64,69,64,88,65,11,65,28,65,70,65,87,67,15,67,83,68,16,68,82,82,38,82,60,84,37,84,61,95,36,95,62,96,35,96,63,
19,18,19,80,23,16,23,82,25,16,25,82,26,17,26,81,29,20,29,78,32,11,32,87,46,4,46,94,52,3,52,95,57,5,57,93,60,8,60,90,62,9,62,89,63,9,63,89,65,10,65,29,65,69,65,88,66,14,66,27,66,71,66,84,68,15,68,83,69,17,69,81,81,39,81,59,95,35,95,63,97,34,97,64,99,33,99,65,
19,17,19,81,22,16,22,82,24,15,24,83,26,16,26,82,27,16,27,82,31,12,31,86,33,10,33,88,46,3,46,95,51,2,51,96,53,3,53,95,57,4,57,94,62,8,62,90,64,30,64,68,66,11,66,13,66,85,66,87,69,18,69,80,80,39,80,59,81,38,81,60,94,36,94,62,98,33,98,65,99,32,99,66,
0,31,0,67,18,18,18,80,20,16,20,82,21,16,21,82,26,15,26,83,27,15,27,83,28,15,28,83,30,13,30,85,31,11,31,87,32,10,32,88,34,10,34,88,47,2,47,96,54,3,54,95,56,3,56,95,63,8,63,90,64,31,64,67,65,30,65,68,66,10,66,88,80,38,80,60,82,37,82,61,93,36,93,62,94,35,94,63,98,32,98,66,
17,19,17,79,18,17,18,81,19,16,19,82,21,15,21,83,22,15,22,83,27,14,27,84,30,12,30,86,31,10,31,88,33,9,33,89,35,10,35,88,46,2,46,96,53,2,53,96,57,3,57,95,64,32,64,66,65,9,65,31,65,67,65,89,66,29,66,69,79,39,79,59,93,35,93,63,95,34,95,64,97,33,97,65,
16,20,16,78,17,18,17,80,18,16,18,82,26,14,26,84,28,14,28,84,29,13,29,85,45,3,45,95,54,2,54,96,58,4,58,94,64,8,64,90,65,33,65,65,66,9,66,89,78,39,78,59,79,38,79,60,92,36,92,62,96,33,96,65,97,32,97,66,
19,15,19,83,25,14,25,84,27,13,27,85,28,13,28,85,29,12,29,86,45,2,45,4,45,94,45,96,55,2,55,96,58,3,58,5,58,93,58,95,63,7,63,91,65,8,65,90,67,10,67,88,78,38,78,60,80,37,80,61,91,36,91,62,92,35,92,63,96,32,96,66,98,31,98,67,
18,15,18,83,44,3,44,95,45,5,45,93,46,1,46,97,54,1,54,97,56,2,56,96,57,2,57,96,58,6,58,92,59,4,59,94,62,7,62,91,66,8,66,90,67,9,67,11,67,87,67,89,77,39,77,59,91,35,91,63,93,34,93,64,95,33,95,65,
17,16,17,82,44,2,44,96,45,1,45,6,45,92,45,97,47,1,47,97,53,1,53,97,56,1,56,97,58,2,58,7,58,91,58,96,59,3,59,7,59,91,59,95,61,7,61,91,65,7,65,91,67,8,67,12,67,86,67,90,68,10,68,88,76,39,76,59,77,38,77,60,90,36,90,62,94,33,94,65,95,32,95,66,
17,15,17,83,44,1,44,5,44,7,44,91,44,93,44,97,46,0,46,98,48,1,48,97,52,1,52,97,59,2,59,96,60,7,60,91,62,6,62,92,67,13,67,85,76,38,76,60,78,37,78,61,89,36,89,62,90,35,90,63,94,32,94,66,96,31,96,67,
18,14,18,84,43,2,43,8,43,90,43,96,53,0,53,98,58,1,58,97,60,3,60,6,60,92,60,95,63,6,63,92,68,12,68,14,68,84,68,86,75,39,75,59,89,35,89,63,91,34,91,64,93,33,93,65,
17,14,17,84,19,14,19,84,42,8,42,90,43,1,43,3,43,7,43,91,43,95,43,97,52,0,52,98,54,0,54,98,59,1,59,97,60,2,60,4,60,94,60,96,64,6,64,92,69,15,69,83,74,39,74,59,75,38,75,60,88,36,88,62,92,33,92,65,93,32,93,66,
16,15,16,83,18,13,18,85,20,14,20,84,42,2,42,7,42,91,42,96,43,4,43,6,43,92,43,94,44,0,44,98,51,1,51,97,55,0,55,98,60,1,60,5,60,93,60,97,61,3,61,5,61,93,61,95,63,5,63,93,69,14,69,84,74,38,74,60,76,37,76,61,87,36,87,62,88,35,88,63,92,32,92,66,94,31,94,67,
16,14,16,16,16,82,16,84,17,13,17,85,21,14,21,84,41,8,41,90,42,1,42,6,42,92,42,97,43,0,43,5,43,93,43,98,50,1,50,97,51,0,51,98,59,0,59,98,62,4,62,94,64,5,64,93,69,13,69,85,73,39,73,59,87,35,87,63,89,34,89,64,91,33,91,65,
15,15,15,83,16,13,16,17,16,81,16,85,20,13,20,85,22,14,22,84,42,0,42,4,42,94,42,98,49,1,49,97,50,0,50,98,58,0,58,98,60,0,60,98,63,4,63,94,65,6,65,92,70,14,70,84,72,39,72,59,73,38,73,60,86,36,86,62,90,33,90,65,91,32,91,66,
16,18,16,80,17,12,17,86,23,14,23,84,41,1,41,97,48,0,48,98,57,0,57,98,61,1,61,97,62,3,62,95,64,4,64,94,65,5,65,93,70,13,70,15,70,83,70,85,72,38,72,60,74,37,74,61,85,36,85,62,86,35,86,63,90,32,90,66,92,31,92,67,
15,17,15,81,16,12,16,86,18,12,18,86,22,13,22,85,24,14,24,84,41,0,41,2,41,96,41,98,56,0,56,98,61,0,61,98,62,2,62,96,65,4,65,94,66,6,66,92,69,12,69,86,70,16,70,82,71,14,71,39,71,59,71,84,85,35,85,63,87,34,87,64,89,33,89,65,
15,13,15,18,15,80,15,85,17,11,17,87,19,12,19,86,24,13,24,85,25,13,25,85,40,1,40,97,41,3,41,95,62,1,62,97,64,3,64,95,67,7,67,91,69,11,69,87,70,12,70,17,70,39,70,59,70,81,70,86,71,13,71,38,71,60,71,85,84,36,84,62,88,33,88,65,89,32,89,66,
15,12,15,19,15,79,15,86,16,11,16,87,40,0,40,98,62,0,62,98,65,3,65,95,68,8,68,90,70,11,70,18,70,38,70,60,70,80,70,87,71,12,71,16,71,82,71,86,72,37,72,61,83,36,83,62,84,35,84,63,88,32,88,66,90,31,90,67,
14,18,14,80,15,11,15,20,15,78,15,87,63,1,63,97,66,4,66,94,68,7,68,91,69,10,69,19,69,39,69,59,69,79,69,88,71,11,71,87,72,13,72,85,83,35,83,63,85,34,85,64,87,33,87,65,
14,12,14,17,14,21,14,77,14,81,14,86,16,10,16,88,63,0,63,98,64,2,64,96,66,3,66,95,67,6,67,92,68,20,68,39,68,59,68,78,69,9,69,38,69,60,69,89,70,19,70,79,72,14,72,84,82,36,82,62,86,33,86,65,87,32,87,66,
13,22,13,76,14,11,14,13,14,16,14,20,14,78,14,82,14,85,14,87,15,10,15,88,17,10,17,88,64,1,64,97,67,5,67,21,67,77,67,93,68,6,68,38,68,60,68,92,69,8,69,20,69,78,69,90,70,37,70,61,71,18,71,80,72,15,72,83,81,36,81,62,82,35,82,63,86,32,86,66,88,31,88,67,
13,12,13,17,13,81,13,86,14,10,14,14,14,84,14,88,16,9,16,89,64,0,64,98,67,4,67,22,67,39,67,59,67,76,67,94,68,5,68,93,70,9,70,20,70,78,70,89,71,19,71,79,73,14,73,84,81,35,81,63,83,34,83,64,85,33,85,65,
13,16,13,18,13,80,13,82,14,15,14,83,17,9,17,89,65,1,65,97,66,39,66,59,67,3,67,38,67,60,67,95,68,4,68,94,69,6,69,21,69,77,69,92,70,8,70,90,71,10,71,20,71,78,71,88,73,13,73,15,73,83,73,85,80,36,80,62,84,33,84,65,85,32,85,66,
12,17,12,81,13,14,13,19,13,79,13,84,18,10,18,88,65,0,65,98,66,38,66,60,68,3,68,22,68,37,68,61,68,76,68,95,70,7,70,91,71,9,71,89,72,11,72,16,72,19,72,79,72,82,72,87,74,14,74,84,79,36,79,62,80,35,80,63,84,32,84,66,86,31,86,67,
12,16,12,82,13,20,13,78,18,9,18,89,19,11,19,87,65,37,65,38,65,39,65,59,65,60,65,61,67,2,67,23,67,75,67,96,69,4,69,94,72,17,72,18,72,20,72,78,72,80,72,81,73,12,73,16,73,82,73,86,74,13,74,15,74,83,74,85,79,35,79,63,81,34,81,64,83,33,83,65,
12,15,12,19,12,79,12,83,17,8,17,90,19,10,19,88,20,12,20,86,66,1,66,97,67,24,67,74,68,2,68,23,68,75,68,96,69,3,69,95,71,21,71,77,73,18,73,19,73,79,73,80,74,12,74,16,74,82,74,86,75,14,75,84,78,36,78,62,82,33,82,65,83,32,83,66,
11,16,11,82,12,20,12,78,16,8,16,90,18,8,18,90,19,9,19,89,21,12,21,86,66,0,66,98,67,1,67,97,68,24,68,74,69,2,69,22,69,76,69,96,72,21,72,77,73,11,73,20,73,78,73,87,74,17,74,81,77,36,77,62,78,35,78,63,82,32,82,66,84,31,84,67,
11,15,11,17,11,81,11,83,12,21,12,77,17,7,17,91,19,8,19,90,20,10,20,88,67,0,67,25,67,73,67,98,70,3,70,22,70,76,70,95,73,21,73,77,74,11,74,18,74,19,74,79,74,80,74,87,75,16,75,82,77,35,77,63,79,34,79,64,81,33,81,65,
10,16,10,82,11,18,11,20,11,78,11,80,12,14,12,84,16,7,16,91,21,11,21,87,67,26,67,72,68,25,68,73,70,2,70,4,70,94,70,96,71,22,71,76,72,22,72,76,73,10,73,88,75,12,75,18,75,80,75,86,76,36,76,62,80,33,80,65,81,32,81,66,
10,15,10,83,11,14,11,21,11,77,11,84,12,13,12,85,15,8,15,90,22,12,22,86,68,26,68,72,69,1,69,24,69,74,69,97,70,5,70,23,70,75,70,93,71,3,71,23,71,75,71,95,72,9,72,89,73,22,73,76,74,10,74,88,75,11,75,19,75,36,75,62,75,79,75,87,76,35,76,63,80,32,80,66,82,31,82,67,
10,14,10,84,11,13,11,85,12,22,12,76,14,9,14,89,15,7,15,91,22,11,22,87,23,12,23,86,67,27,67,71,68,0,68,98,70,1,70,6,70,24,70,74,70,92,70,97,71,2,71,96,73,9,73,89,74,21,74,77,75,10,75,35,75,63,75,88,77,34,77,64,79,33,79,65,
9,15,9,83,10,13,10,85,11,22,11,76,12,12,12,23,12,75,12,86,13,10,13,88,14,8,14,90,16,6,16,92,21,10,21,88,23,11,23,87,24,12,24,86,67,28,67,70,68,27,68,71,69,0,69,98,71,1,71,5,71,6,71,7,71,24,71,74,71,91,71,92,71,93,71,97,72,8,72,90,74,22,74,36,74,62,74,76,75,20,75,78,76,11,76,87,78,33,78,65,79,32,79,66,
9,16,9,82,10,21,10,77,11,23,11,75,12,11,12,87,14,7,14,91,15,6,15,92,17,6,17,92,24,11,24,87,25,12,25,86,68,28,68,70,69,26,69,72,70,25,70,73,72,2,72,6,72,7,72,91,72,92,72,96,73,8,73,23,73,36,73,62,73,75,73,90,74,35,74,63,75,21,75,77,76,10,76,12,76,19,76,79,76,86,76,88,78,32,78,66,80,31,80,67,
10,20,10,78,12,24,12,74,13,8,13,90,14,6,14,92,16,5,16,93,23,10,23,88,25,11,25,87,26,12,26,86,67,29,67,69,71,25,71,73,72,1,72,3,72,5,72,24,72,74,72,93,72,95,72,97,73,35,73,63,74,23,74,75,75,9,75,22,75,34,75,64,75,76,75,89,76,13,76,18,76,80,76,85,77,11,77,33,77,65,77,87,
10,19,10,79,11,24,11,74,17,5,17,93,26,11,26,87,27,12,27,86,68,29,68,69,70,26,70,72,71,0,71,98,72,25,72,36,72,62,72,73,73,2,73,6,73,24,73,74,73,92,73,96,74,8,74,90,75,23,75,75,76,9,76,17,76,21,76,33,76,65,76,77,76,81,76,89,77,10,77,32,77,66,77,88,
9,20,9,78,10,18,10,23,10,75,10,80,12,25,12,73,18,6,18,92,25,10,25,88,27,11,27,87,67,30,67,68,69,28,69,70,71,36,71,62,72,0,72,35,72,63,72,98,73,1,73,3,73,5,73,25,73,73,73,93,73,95,73,97,74,7,74,91,75,8,75,90,76,32,76,66,77,9,77,18,77,80,77,89,78,31,78,67,
9,17,9,21,9,77,9,81,10,24,10,74,11,25,11,73,13,26,13,72,18,5,18,93,19,7,19,91,28,11,28,87,66,31,66,67,68,30,68,68,69,29,69,69,70,27,70,71,71,35,71,63,72,26,72,72,73,0,73,34,73,64,73,98,74,2,74,6,74,92,74,96,75,7,75,33,75,65,75,91,77,17,77,19,77,79,77,81,78,10,78,88,
8,16,8,82,9,18,9,22,9,76,9,80,10,25,10,73,12,26,12,72,14,27,14,71,17,4,17,94,19,6,19,92,20,8,20,90,27,10,27,88,29,11,29,87,66,32,66,66,67,31,67,67,69,30,69,68,70,28,70,36,70,62,70,70,71,27,71,71,73,26,73,72,74,3,74,5,74,33,74,65,74,93,74,95,75,6,75,32,75,66,75,92,76,16,76,82,77,20,77,78,78,9,78,11,78,18,78,80,78,87,78,89,
8,15,8,21,8,77,8,83,9,23,9,24,9,74,9,75,16,4,16,94,18,4,18,94,19,5,19,93,21,9,21,89,30,10,30,88,67,32,67,66,69,36,69,62,70,35,70,63,71,28,71,70,72,27,72,71,74,25,74,32,74,66,74,73,75,5,75,93,76,7,76,15,76,31,76,67,76,83,76,91,77,8,77,16,77,82,77,90,78,17,78,81,79,10,79,88,
8,20,8,23,8,75,8,78,9,25,9,73,17,3,17,95,19,4,19,94,20,6,20,92,22,9,22,89,29,10,29,88,31,9,31,89,66,33,66,65,69,35,69,63,71,34,71,64,72,28,72,70,73,27,73,33,73,65,73,71,74,26,74,72,75,4,75,24,75,74,75,94,76,14,76,84,77,15,77,83,78,8,78,16,78,82,78,90,79,9,79,11,79,87,79,89,
8,19,8,79,10,26,10,72,16,3,16,95,21,8,21,90,66,34,66,64,67,33,67,65,68,36,68,62,71,29,71,69,72,33,72,65,73,28,73,32,73,66,73,70,74,27,74,71,75,3,75,25,75,73,75,95,76,5,76,23,76,75,76,93,77,7,77,13,77,85,77,91,78,12,78,15,78,83,78,86,79,8,79,17,79,81,79,90,80,10,80,88,
7,20,7,78,8,18,8,80,9,26,9,72,15,4,15,94,21,7,21,91,22,8,22,90,67,34,67,64,68,32,68,35,68,63,68,66,70,30,70,68,72,32,72,66,74,28,74,31,74,67,74,70,75,2,75,96,77,6,77,92,78,14,78,84,79,12,79,18,79,80,79,86,80,11,80,87,
7,21,7,77,8,25,8,73,14,5,14,93,15,3,15,95,22,7,22,91,23,9,23,89,66,35,66,63,67,36,67,62,69,34,69,64,71,33,71,65,73,29,73,69,75,27,75,71,76,3,76,95,79,13,79,15,79,83,79,85,80,12,80,86,
7,22,7,76,8,26,8,72,13,6,13,92,14,4,14,94,16,2,16,96,21,6,21,92,24,9,24,89,70,33,70,65,71,32,71,66,74,29,74,69,75,28,75,70,76,2,76,96,80,13,80,85,81,11,81,87,
6,21,6,77,9,27,9,71,14,3,14,95,15,2,15,96,17,2,17,96,22,6,22,92,69,33,69,65,70,31,70,32,70,66,70,67,71,31,71,67,72,31,72,67,73,30,73,68,74,30,74,68,75,1,75,29,75,30,75,68,75,69,75,97,80,14,80,84,81,10,81,88,
6,20,6,22,6,76,6,78,8,27,8,71,10,27,10,71,13,4,13,94,14,2,14,96,16,1,16,97,21,5,21,93,23,7,23,91,74,0,74,98,76,1,76,28,76,29,76,30,76,68,76,69,76,70,76,97,81,13,81,85,
5,21,5,77,7,23,7,26,7,72,7,75,9,28,9,70,11,27,11,71,17,1,17,97,20,4,20,94,22,5,22,93,23,6,23,92,24,8,24,90,75,0,75,98,76,27,76,71,77,2,77,29,77,69,77,96,81,14,81,84,
5,20,5,22,5,76,5,78,6,23,6,75,7,24,7,25,7,27,7,71,7,73,7,74,8,28,8,70,12,27,12,71,18,2,18,96,19,3,19,95,21,4,21,94,23,5,23,93,24,7,24,91,25,9,25,89,76,0,76,26,76,72,76,98,77,1,77,3,77,95,77,97,80,15,80,83,
4,21,4,77,5,23,5,75,6,19,6,25,6,26,6,72,6,73,6,79,7,28,7,70,11,28,11,70,18,1,18,97,26,9,26,89,76,25,76,73,77,0,77,4,77,27,77,71,77,94,77,98,78,2,78,96,80,16,80,82,81,15,81,83,
4,20,4,78,5,19,5,24,5,74,5,79,7,18,7,80,8,29,8,69,12,28,12,70,17,0,17,98,19,2,19,96,77,5,77,93,80,17,80,81,81,16,81,82,82,14,82,84,
4,19,4,23,4,75,4,79,5,25,5,73,6,18,6,80,7,17,7,29,7,30,7,68,7,69,7,81,9,29,9,30,9,68,9,69,13,28,13,70,16,0,16,98,18,0,18,98,19,1,19,97,78,4,78,5,78,6,78,92,78,93,78,94,80,18,80,80,81,17,81,81,82,13,82,85,
3,20,3,78,5,26,5,72,6,17,6,28,6,29,6,30,6,68,6,69,6,70,6,81,7,16,7,82,10,30,10,68,12,29,12,69,14,28,14,70,19,0,19,98,20,2,20,96,79,5,79,7,79,19,79,79,79,91,79,93,81,18,81,80,82,12,82,16,82,82,82,86,
3,19,3,21,3,77,3,79,4,25,4,73,5,27,5,29,5,69,5,71,6,16,6,82,7,15,7,83,13,30,13,68,14,29,14,69,21,3,21,95,78,20,78,78,79,4,79,94,80,8,80,90,82,11,82,87,83,13,83,85,
2,20,2,78,3,22,3,76,4,18,4,80,5,17,5,81,6,15,6,83,8,14,8,84,12,30,12,68,77,21,77,77,79,3,79,95,80,7,80,91,81,9,81,89,82,10,82,88,83,14,83,84,
2,19,2,79,3,18,3,80,9,13,9,85,77,22,77,76,78,21,78,77,80,4,80,6,80,92,80,94,81,8,81,90,82,9,82,89,83,11,83,15,83,83,83,87,
2,18,2,80,4,17,4,81,10,12,10,86,78,22,78,76,79,20,79,78,80,3,80,95,82,8,82,90,84,14,84,84,
1,19,1,79,9,12,9,86,11,11,11,87,77,23,77,75,79,2,79,96,83,9,83,89,84,13,84,15,84,83,84,85,
1,18,1,20,1,78,1,80,8,13,8,85,10,11,10,87,12,10,12,88,77,24,77,74,78,23,78,75,80,2,80,96,83,8,83,16,83,82,83,90,84,12,84,86,85,14,85,84,
0,19,0,79,2,17,2,81,8,12,8,86,9,11,9,87,12,9,12,89,77,25,77,73,78,24,78,74,79,1,79,22,79,76,79,97,81,3,81,95,82,7,82,91,84,16,84,82,85,15,85,83,
0,18,0,20,0,78,0,80,1,17,1,81,7,13,7,85,8,11,8,87,10,10,10,88,78,0,78,25,78,73,78,98,80,1,80,97,81,2,81,4,81,6,81,92,81,94,81,96,83,7,83,17,83,81,83,91,85,16,85,82,
0,17,0,81,1,21,1,77,6,14,6,84,11,9,11,89,78,26,78,72,79,0,79,24,79,74,79,98,81,1,81,97,82,3,82,6,82,18,82,80,82,92,82,95,84,8,84,90,86,15,86,83,99,19,99,79,
0,21,0,77,1,16,1,82,2,22,2,76,5,15,5,83,12,8,12,90,81,19,81,79,82,4,82,5,82,93,82,94,83,6,83,92,84,7,84,9,84,89,84,91,86,14,86,16,86,82,86,84,99,20,99,78,
0,16,0,82,1,22,1,76,2,16,2,82,3,23,3,75,4,16,4,82,5,14,5,84,11,8,11,90,12,7,12,91,80,20,80,78,82,19,82,79,83,4,83,94,84,6,84,10,84,88,84,92,85,8,85,17,85,81,85,90,87,15,87,83,99,21,99,77,
1,15,1,83,3,24,3,74,4,15,4,83,6,13,6,85,10,9,10,89,11,7,11,91,80,21,80,77,81,20,81,78,83,3,83,18,83,80,83,95,84,5,84,11,84,87,84,93,86,17,86,81,87,14,87,16,87,82,87,84,98,20,98,78,99,17,99,81,
0,15,0,83,2,15,2,83,3,15,3,83,4,14,4,84,5,13,5,85,12,6,12,92,81,21,81,77,82,20,82,78,83,19,83,79,84,4,84,18,84,80,84,94,85,6,85,10,85,11,85,12,85,86,85,87,85,88,85,92,86,13,86,85,87,17,87,81,88,15,88,83,98,19,98,21,98,77,98,79,99,16,99,82,
1,14,1,84,2,14,2,84,4,13,4,85,6,12,6,86,11,6,11,92,12,5,12,93,80,22,80,76,82,21,82,77,83,20,83,78,84,3,84,19,84,79,84,95,85,18,85,80,86,11,86,12,86,18,86,80,86,86,86,87,87,13,87,85,88,14,88,84,97,20,97,78,98,18,98,80,99,15,99,22,99,76,99,83,
3,13,3,85,7,11,7,87,10,7,10,91,11,5,11,93,80,23,80,75,83,2,83,21,83,77,83,96,84,20,84,78,85,4,85,94,86,10,86,88,87,18,87,80,88,13,88,85,97,21,97,77,98,16,98,17,98,22,98,76,98,81,98,82,
2,13,2,85,4,12,4,86,8,10,8,88,12,4,12,94,82,1,82,22,82,76,82,97,84,2,84,21,84,77,84,96,85,3,85,95,86,9,86,19,86,79,86,89,87,11,87,87,88,17,88,81,89,14,89,84,97,17,97,18,97,22,97,76,97,80,97,81,98,15,98,83,
1,13,1,85,7,10,7,88,9,9,9,89,11,4,11,94,81,0,81,23,81,75,81,98,83,1,83,97,85,2,85,96,87,19,87,79,88,12,88,18,88,80,88,86,89,13,89,15,89,83,89,85,96,21,96,77,98,23,98,75,99,14,99,84,
0,13,0,85,2,12,2,86,6,11,6,87,8,9,8,89,9,8,9,90,10,5,10,93,12,3,12,95,80,24,80,74,86,3,86,95,88,19,88,79,89,12,89,16,89,82,89,86,90,14,90,84,96,20,96,22,96,76,96,78,97,23,97,75,98,14,98,84,99,23,99,75,
0,23,0,75,5,11,5,87,6,10,6,88,7,9,7,89,8,8,8,90,10,4,10,94,11,3,11,95,13,2,13,96,81,24,81,74,86,2,86,4,86,94,86,96,87,20,87,78,88,11,88,87,89,17,89,18,89,80,89,81,95,21,95,77,96,19,96,23,96,75,96,79,97,15,97,83,98,24,98,74,99,13,99,85,
0,12,0,86,1,23,1,75,5,10,5,88,6,9,6,89,7,8,7,90,9,7,9,91,10,3,10,95,12,2,12,96,14,1,14,97,80,25,80,73,82,23,82,75,85,1,85,97,86,5,86,20,86,78,86,93,87,3,87,95,88,20,88,78,89,11,89,19,89,79,89,87,90,16,90,17,90,81,90,82,96,18,96,80,97,14,97,84,98,13,98,85,
0,24,0,74,2,24,2,74,4,11,4,87,5,9,5,89,6,8,6,90,9,4,9,6,9,92,9,94,15,0,15,98,79,26,79,72,81,25,81,73,82,24,82,74,85,21,85,77,86,1,86,97,87,2,87,21,87,77,87,96,88,10,88,88,89,20,89,78,90,12,90,86,95,19,95,79,96,17,96,81,97,13,97,85,
3,11,3,25,3,73,3,87,5,8,5,90,7,7,7,91,9,3,9,95,78,27,78,71,80,26,80,72,82,25,82,73,83,23,83,75,84,22,84,76,87,1,87,9,87,89,87,97,89,10,89,88,90,11,90,19,90,79,90,87,96,14,96,16,96,82,96,84,98,12,98,86,
2,25,2,73,4,9,4,89,8,6,8,92,10,2,10,96,78,28,78,70,85,22,85,76,86,0,86,8,86,90,86,98,88,2,88,9,88,89,88,96,90,10,90,20,90,78,90,88,95,17,95,81,96,13,96,85,97,12,97,86,
1,25,1,73,3,10,3,26,3,72,3,88,4,8,4,90,8,5,8,93,9,2,9,96,84,23,84,75,85,0,85,98,86,7,86,22,86,76,86,91,87,0,87,98,88,1,88,3,88,95,88,97,89,21,89,77,91,11,91,87,95,16,95,82,96,12,96,86,
2,11,2,87,3,9,3,89,4,27,4,71,5,7,5,91,7,6,7,92,8,3,8,4,8,94,8,95,84,0,84,98,86,6,86,92,88,0,88,98,89,2,89,96,90,21,90,77,91,10,91,12,91,86,91,88,95,13,95,15,95,83,95,85,97,11,97,87,
1,11,1,87,3,8,3,90,4,7,4,28,4,70,4,91,6,6,6,92,7,4,7,94,8,2,8,96,83,0,83,98,87,5,87,6,87,7,87,91,87,92,87,93,89,3,89,95,90,9,90,89,91,13,91,20,91,78,91,85,92,11,92,87,94,16,94,82,95,12,95,86,96,11,96,87,98,11,98,87,
2,9,2,89,3,7,3,27,3,71,3,91,5,6,5,92,6,5,6,93,9,1,9,97,88,6,88,8,88,90,88,92,91,9,91,19,91,21,91,77,91,79,91,89,92,10,92,88,94,15,94,17,94,81,94,83,95,11,95,87,97,10,97,88,99,11,99,87,
0,11,0,87,1,10,1,88,3,28,3,70,5,5,5,93,8,1,8,97,10,1,10,97,88,5,88,93,89,8,89,90,90,22,90,76,91,18,91,80,92,9,92,20,92,78,92,89,93,16,93,82,94,12,94,14,94,18,94,80,94,84,94,86,
2,27,2,71,4,29,4,69,6,4,6,94,7,2,7,96,9,0,9,98,11,1,11,97,89,4,89,7,89,22,89,76,89,91,89,94,90,8,90,90,91,8,91,17,91,22,91,76,91,81,91,90,92,21,92,77,93,10,93,11,93,87,93,88,94,11,94,87,99,10,99,88,
1,26,1,72,2,28,2,70,3,29,3,30,3,68,3,69,4,30,4,68,5,4,5,94,6,3,6,95,7,1,7,97,8,0,8,98,12,1,12,97,88,22,88,76,89,5,89,6,89,92,89,93,90,3,90,23,90,75,90,95,91,16,91,82,92,8,92,17,92,18,92,22,92,76,92,80,92,81,92,90,93,9,93,89,95,10,95,88,
0,25,0,73,1,27,1,71,2,30,2,68,4,5,4,93,5,3,5,95,6,2,6,96,7,0,7,98,11,0,11,98,87,22,87,76,90,2,90,5,90,6,90,92,90,93,90,96,91,7,91,15,91,83,91,91,93,8,93,19,93,21,93,77,93,79,93,90,94,9,94,89,
1,28,1,30,1,68,1,70,3,6,3,92,5,2,5,96,12,0,12,98,86,23,86,75,87,23,87,75,88,23,88,75,91,6,91,14,91,84,91,92,92,15,92,83,93,22,93,76,94,8,94,19,94,79,94,90,99,25,99,73,
0,27,0,71,2,7,2,91,4,3,4,95,13,0,13,98,87,24,87,74,91,5,91,93,92,13,92,23,92,75,92,85,93,7,93,14,93,84,93,91,94,21,94,22,94,76,94,77,95,9,95,89,
0,28,0,70,2,6,2,92,4,2,4,96,14,0,14,98,86,24,86,74,88,24,88,74,91,4,91,94,94,7,94,91,95,8,95,23,95,75,95,90,96,9,96,89,99,26,99,72,
0,29,0,69,3,5,3,93,5,1,5,97,85,24,85,74,87,25,87,73,89,24,89,74,91,3,91,95,92,5,92,93,94,23,94,75,95,7,95,91,96,8,96,24,96,74,96,90,98,25,98,73,99,27,99,71,
0,30,0,68,2,5,2,93,3,4,3,94,4,1,4,97,6,0,6,98,84,24,84,74,91,2,91,96,93,6,93,92,94,6,94,92,96,7,96,91,97,9,97,25,97,73,97,89,99,30,99,68,
1,6,1,92,2,4,2,94,3,2,3,3,3,95,3,96,5,0,5,98,83,25,83,73,85,25,85,73,90,1,90,97,92,3,92,95,93,5,93,93,98,9,98,89,
1,7,1,91,3,1,3,97,4,0,4,98,82,26,82,72,89,0,89,98,91,1,91,97,92,2,92,96,93,4,93,94,94,5,94,93,
1,8,1,90,2,2,2,96,3,0,3,98,83,26,83,72,90,0,90,98,92,1,92,97,93,3,93,95,94,4,94,94,
0,7,0,9,0,89,0,91,1,9,1,89,84,26,84,72,94,3,94,95,95,5,95,93,
0,6,0,92,83,27,83,71,96,6,96,92,99,8,99,9,99,89,99,90,
82,27,82,71,84,27,84,71,97,7,97,91,99,7,99,91,
81,27,81,71,83,28,83,70,85,26,85,72,97,6,97,92,98,7,98,91,99,6,99,92,
0,5,0,93,80,27,80,71,84,28,84,70,85,27,85,71,86,26,86,72,96,5,96,93,
1,4,1,94,79,28,79,70,81,28,81,70,85,28,85,70,86,27,86,71,97,5,97,93,99,5,99,93,
0,4,0,94,1,3,1,95,78,29,78,69,84,29,84,69,86,28,86,70,87,26,87,72,96,4,96,94,
0,3,0,95,78,30,78,68,79,29,79,30,79,68,79,69,83,29,83,30,83,68,83,69,85,30,85,68,95,3,95,95,97,4,97,94,99,4,99,94,
1,2,1,96,80,30,80,68,82,30,82,68,86,29,86,69,94,2,94,96,96,3,96,95,99,3,99,95,
81,29,81,69,86,30,86,68,87,28,87,30,87,68,87,70,93,1,93,97,97,3,97,95,98,3,98,95,
92,0,92,98,96,2,96,96,97,2,97,96,98,2,98,96,99,2,99,96,
93,0,93,98,97,1,97,97,98,1,98,97,
94,1,94,97,96,1,96,97,99,1,99,97,
0,1,0,97,94,0,94,98,97,0,97,98,98,0,98,98,
1,1,1,97,95,0,95,98,96,0,96,98,
0,0,0,98,2,0,2,98,
5,7,9,12,18,25,30,32,36,42,46,50,56,66,77,88,101,109,114,120,125,133,142,148,158,170,186,192,198,206,212,224,242,252,256,260,266,274,286,299,308,314,324,332,338,344,346,348,352,358,364,370,372,374,378,384,390,396,398,400,404,410,416,422,424,426,430,436,442,448,450,452,456,462,468,474,476,478,482,488,494,500,502,504,508,514,520,526,528,530,534,540,546,552,554,556,560,566,572,578,580,582,586,592,598,604,606,608,612,618,624,630,632,634,638,644,650,656,658,660,664,670,676,682,684,686,690,696,702,708,710,712,716,722,728,734,736,738,742,748,754,760,762,764,768,774,780,786,788,790,794,800,806,812,814,816,820,826,832,838,840,842,846,852,858,864,866,868,872,878,884,890,892,894,898,904,910,916,918,920,924,930,936,942,944,946,950,956,962,968,970,972,976,982,988,994,996,998,1002,1008,1014,1020,1022,1024,1028,1034,1040,1046,1048,1050,1054,1060,1066,1072,1074,1076,1080,1086,1092,1098,1100,1102,1106,1112,1118,1124,1126,1128,1132,1138,1144,1150,1152,1154,1158,1164,1170,1176,1178,1180,1184,1190,1196,1202,1204,1206,1210,1216,1222,1228,1230,1232,1236,1242,1248,1254,1256,1258,1262,1268,1274,1280,1282,1284,1288,1294,1300,1306,1308,1310,1314,1320,1326,1332,1334,1336,1340,1346,1352,1358,1362,1366,1374,1386,1390,1395,1399,1403,1409,1411,1413,1415,1417,1419,1423,1429,1437,1443,1451,1457,1461,1465,1471,1479,1489,1497,1505,1515,1531,1547,1569,1583,1597,1613,1627,1641,1659,1679,1697,1721,1751,1783,1803,1823,1839,1855,1869,1883,1901,1923,1945,1971,1991,2007,2021,2035,2053,2077,2101,2119,2147,2173,2195,2221,2251,2271,2287,2305,2327,2355,2385,2407,2433,2461,2489,2513,2537,2565,2595,2633,2661,2691,2727,2767,2809,2857,2905,2957,3011,3059,3111,3159,3209,3255,3303,3355,3403,3449,3491,3539,3585,3637,3679,3729,3777,3817,3867,3913,3961,4019,4067,4119,4169,4213,4255,4301,4343,4377,4415,4449,4491,4525,4553,4589,4633,4671,4709,4745,4783,4823,4857,4885,4919,4961,4995,5033,5071,5111,5149,5187,5223,5259,5303,5341,5393,5443,5489,5531,5575,5621,5677,5725,5773,5819,5857,5889,5917,5953,5983,6013,6051,6083,6107,6145,6181,6211,6237,6259,6275,6291,6315,6341,6371,6399,6427,6461,6495,6537,6579,6611,6647,6679,6715,6757,6803,6845,6881,6911,6945,6979,7019,7053,7085,7121,7165,7201,7231,7257,7281,7309,7335,7357,7375,7391,7403,7413,7421,7433,7445,7459,7473,7493,7507,7521,7531,7537,7543,7551,7557,7561,7561,7561,7561,7561,7561,7561,7561,7561,7561,7561,7561,7561,7561,7561,7561,7561,7561,7561,7561,7561,7561,7561,7561,7561,7561,7561,7561,7561,7561,7561,7561,7561,7561,7561,7561,7561,7561,7561,7561,7561,7561,7561,7561,7561,7561,7561,7561,7561,7561,7561,7561,7561,7561,7561,7561,7561,7561,7561,7561,7561,7561,7561,7561,7561,7561,7561,7561,7561,7561,7561,