31,56,32,54,32,56,33,44,33,45,33,52,33,53,33,66,33,67,34,43,34,47,34,52,34,53,34,66,34,67,35,32,35,33,35,42,35,48,35,52,35,53,36,32,36,33,36,42,36,46,36,48,36,49,36,54,36,56,37,42,37,48,37,56,38,43,38,47,39,44,39,45,
31,55,31,56,32,53,32,54,32,55,32,56,33,45,33,53,33,54,34,44,34,47,34,51,34,52,34,53,34,54,35,43,35,49,35,53,35,54,36,41,36,43,36,46,36,53,36,54,36,55,36,56,37,43,37,49,37,55,37,56,38,44,38,47,39,45,
31,54,31,55,33,43,33,55,34,42,34,43,34,52,34,55,35,41,35,42,35,43,35,50,35,55,36,42,36,43,36,44,36,47,36,48,36,49,36,50,37,41,37,42,37,43,37,54,37,55,38,42,38,43,39,43,
33,51,33,54,33,55,33,56,34,49,34,50,34,51,34,54,34,55,34,56,35,42,35,43,35,54,35,55,35,56,36,40,36,42,36,44,36,51,37,42,37,43,
32,52,32,54,33,50,33,53,33,55,34,41,34,42,34,48,34,49,34,50,34,53,34,55,34,57,35,40,35,41,35,42,35,43,35,49,35,50,35,53,35,55,36,41,36,42,36,50,36,52,36,54,37,40,37,41,37,42,37,43,37,50,38,41,38,42,
31,55,32,52,32,53,32,54,32,55,32,56,33,50,33,51,33,52,33,53,33,55,33,56,33,57,34,41,34,43,34,48,34,49,34,52,34,53,34,55,34,56,35,41,35,47,35,52,35,53,35,55,35,56,35,57,36,39,36,41,36,50,36,52,36,53,36,54,36,55,36,56,37,41,37,51,37,52,37,55,38,41,38,43,38,49,
31,54,32,55,33,56,34,42,34,48,34,49,34,56,34,58,35,39,35,40,35,42,35,49,35,50,35,56,36,40,36,41,36,42,36,50,36,51,36,52,36,55,37,39,37,40,37,42,37,49,37,50,37,51,37,54,38,42,38,48,38,51,
31,56,32,56,32,57,33,42,33,43,33,56,33,57,33,58,34,41,34,42,34,43,34,47,34,55,34,56,34,57,35,39,35,40,35,42,35,48,35,50,35,56,35,57,35,58,36,38,36,42,36,43,36,51,36,52,36,56,36,57,37,39,37,40,37,42,37,47,37,49,37,51,37,56,38,41,38,42,38,43,38,51,39,42,39,43,
33,42,33,43,33,44,33,56,33,57,34,40,34,42,34,43,34,44,34,55,34,57,34,59,35,39,35,42,35,46,35,49,35,56,35,57,36,38,36,42,36,43,36,46,36,49,36,52,37,39,37,42,37,48,38,40,38,42,38,43,38,44,38,47,38,48,38,50,39,42,39,43,39,44,
32,57,32,58,33,41,33,56,33,57,33,58,33,59,34,39,34,40,34,41,34,42,34,46,34,57,34,58,35,40,35,41,35,42,35,46,35,47,35,56,35,57,35,58,35,59,36,38,36,39,36,42,36,43,36,46,36,47,36,49,36,57,36,58,37,40,37,41,37,42,37,51,38,39,38,40,38,41,38,42,38,47,38,51,39,41,
32,56,32,58,33,41,33,42,33,43,33,47,33,58,34,39,34,40,34,42,34,43,34,46,34,48,34,58,34,60,35,38,35,47,35,58,36,39,36,43,36,56,36,58,37,38,37,47,37,48,38,39,38,40,38,42,38,43,38,48,39,41,39,42,39,43,39,50,
32,57,33,41,33,42,33,47,33,57,33,59,33,60,34,39,34,40,34,41,34,42,34,46,34,48,34,57,34,58,34,59,35,39,35,40,35,47,35,57,35,59,35,60,36,37,36,38,36,39,36,40,36,48,36,57,37,39,37,40,37,49,38,39,38,40,38,41,38,42,38,49,38,50,39,41,39,42,39,51,
31,56,31,57,32,56,32,57,32,58,33,40,33,41,33,47,33,57,33,59,33,60,34,46,34,48,34,56,34,57,34,61,35,41,35,48,35,57,35,59,35,60,36,38,36,41,36,48,36,56,36,57,36,58,37,41,37,47,37,49,37,56,37,57,38,48,38,49,38,50,38,52,39,40,39,41,
31,55,31,56,31,57,32,55,32,56,32,57,32,59,33,47,33,57,33,60,34,48,34,56,34,57,34,61,35,37,35,40,35,41,35,42,35,48,35,57,35,60,36,40,36,41,36,42,36,47,36,49,36,55,36,56,36,57,36,59,37,37,37,40,37,41,37,42,37,47,37,52,37,53,37,55,37,56,37,57,38,49,38,50,38,51,39,49,39,50,39,51,39,52,
31,58,32,57,32,58,32,59,32,60,33,57,33,58,33,59,34,38,34,40,34,47,34,48,34,56,34,57,34,60,34,61,35,38,35,39,35,41,35,47,35,57,35,58,35,59,36,36,36,37,36,38,36,39,36,41,36,43,36,47,36,50,36,51,36,57,36,58,36,59,36,60,37,38,37,39,37,41,37,50,37,51,37,58,38,38,38,40,38,48,38,49,38,53,39,49,39,52,
31,56,31,57,31,58,32,56,32,57,32,59,32,60,33,41,33,61,34,39,34,40,34,41,34,42,34,56,34,60,35,39,35,41,35,42,35,43,35,47,35,61,36,37,36,41,36,42,36,49,36,50,36,56,36,57,36,59,36,60,37,39,37,41,37,42,37,43,37,48,37,49,37,50,37,51,37,56,37,57,37,58,38,39,38,40,38,41,38,42,38,49,38,51,39,41,
31,57,31,58,32,57,32,58,32,59,32,60,33,40,33,59,33,60,34,38,34,41,34,59,34,60,34,61,34,62,35,36,35,42,35,59,35,60,36,39,36,42,36,44,36,52,36,57,36,58,36,59,36,60,37,36,37,42,37,51,37,57,37,58,38,38,38,41,38,48,38,51,39,40,39,52,
31,58,31,59,33,42,33,58,34,42,34,43,34,58,34,61,35,42,35,43,35,44,35,58,36,35,36,36,36,37,36,38,36,41,36,42,36,43,37,42,37,43,37,44,37,51,37,58,37,59,38,42,38,43,38,51,38,52,39,42,39,53,
33,57,33,58,33,59,33,62,34,57,34,58,34,59,35,34,35,42,35,43,35,57,35,58,35,59,35,62,36,34,36,41,36,43,36,45,37,42,37,43,37,52,37,53,38,51,38,54,
32,59,32,61,33,58,33,60,33,61,34,33,34,43,34,44,34,56,34,58,34,60,34,61,34,62,34,63,35,33,35,34,35,42,35,43,35,44,35,45,35,58,35,60,35,61,36,33,36,34,36,35,36,43,36,44,36,59,36,61,37,33,37,34,37,35,37,42,37,43,37,44,37,45,37,52,37,53,38,43,38,44,38,53,39,54,
31,58,32,57,32,58,32,59,32,60,33,56,33,57,33,58,33,60,34,33,34,42,34,44,34,57,34,58,34,62,35,33,35,36,35,44,35,56,35,57,35,58,35,60,36,34,36,44,36,46,36,57,36,58,36,59,36,60,37,44,37,53,37,58,38,34,38,35,38,36,38,42,38,44,38,52,39,52,40,53,
31,59,32,58,32,61,33,57,33,63,34,43,34,55,34,57,34,60,35,37,35,43,35,45,35,46,35,57,35,63,36,34,36,43,36,44,36,45,36,58,36,61,37,33,37,34,37,35,37,36,37,43,37,45,37,46,37,59,38,33,38,34,38,35,38,36,38,37,38,43,38,52,39,35,39,52,39,53,40,54,
31,57,32,56,32,57,33,42,33,43,33,55,33,56,33,57,34,42,34,43,34,44,34,56,34,57,34,58,34,61,34,62,34,63,34,64,35,43,35,45,35,46,35,55,35,56,35,57,36,33,36,38,36,42,36,43,36,47,36,56,36,57,37,38,37,43,37,45,37,46,37,57,38,33,38,36,38,37,38,42,38,43,38,44,38,53,38,54,39,35,39,42,39,43,39,52,39,55,
33,41,33,42,33,43,33,56,33,57,33,65,34,41,34,42,34,43,34,45,34,54,34,56,34,58,34,65,35,43,35,46,35,56,35,57,36,42,36,43,36,47,37,38,37,43,37,46,38,36,38,37,38,41,38,42,38,43,38,45,38,53,38,54,39,41,39,42,39,43,39,54,40,55,
32,55,32,56,32,66,33,44,33,54,33,55,33,56,33,57,33,65,33,66,34,43,34,44,34,45,34,46,34,55,34,56,34,64,34,65,34,66,35,43,35,44,35,45,35,54,35,55,35,56,35,57,35,64,35,65,35,66,36,42,36,43,36,46,36,47,36,55,36,56,37,37,37,43,37,44,37,45,38,37,38,43,38,44,38,45,38,46,38,54,39,44,39,53,40,53,41,54,
32,55,32,57,32,66,33,42,33,43,33,44,33,55,33,63,33,66,34,42,34,43,34,45,34,46,34,53,34,55,34,65,35,47,35,55,36,42,36,46,36,55,36,57,36,63,36,64,36,65,37,47,38,42,38,43,38,45,38,46,39,42,39,43,39,44,39,53,40,53,40,54,41,55,
32,56,33,43,33,44,33,53,33,54,33,56,33,62,34,43,34,44,34,45,34,46,34,54,34,55,34,56,34,65,35,45,35,46,35,53,35,54,35,56,35,63,35,64,35,65,35,66,36,45,36,46,36,47,36,48,36,56,36,62,36,63,36,64,36,65,36,66,37,45,37,46,37,64,38,43,38,44,38,45,38,46,39,43,39,44,39,54,39,55,40,53,40,56,
31,56,31,57,32,55,32,56,32,57,33,44,33,45,33,53,33,54,33,56,34,52,34,56,34,57,34,61,34,66,35,44,35,53,35,54,35,56,35,61,36,44,36,47,36,55,36,56,36,57,36,62,36,63,36,66,37,44,37,56,37,57,37,64,39,44,39,45,39,54,39,55,40,55,41,56,
31,56,31,57,31,58,32,54,32,56,32,57,32,58,33,53,33,56,34,52,34,56,34,57,35,43,35,44,35,45,35,48,35,53,35,56,35,61,36,43,36,44,36,45,36,54,36,56,36,57,36,58,36,62,36,63,37,43,37,44,37,45,37,48,37,56,37,57,37,58,39,55,40,54,41,54,42,55,
31,55,32,53,32,54,32,55,32,56,33,54,33,55,33,56,34,45,34,47,34,52,34,53,34,56,34,57,35,44,35,46,35,47,35,54,35,55,35,56,35,62,36,42,36,44,36,46,36,47,36,48,36,49,36,53,36,54,36,55,36,56,36,62,37,44,37,46,37,47,37,55,38,45,38,47,40,54,41,54,41,55,42,56,
31,55,31,56,31,57,32,53,32,54,32,56,32,57,33,44,33,52,34,43,34,44,34,45,34,46,34,53,34,57,35,42,35,43,35,44,35,46,35,52,36,43,36,44,36,48,36,53,36,54,36,56,36,57,37,42,37,43,37,44,37,46,37,55,37,56,37,57,38,43,38,44,38,45,38,46,39,44,40,55,40,56,41,54,41,57,
31,55,31,56,32,53,32,54,32,55,32,56,33,45,33,53,33,54,34,44,34,47,34,51,34,52,34,53,34,54,35,43,35,49,35,53,35,54,36,41,36,43,36,46,36,53,36,54,36,55,36,56,37,43,37,49,37,55,37,56,38,44,38,47,39,45,40,55,40,56,41,56,42,57,
31,54,31,55,33,43,33,55,34,42,34,43,34,52,34,55,35,41,35,42,35,43,35,50,35,55,36,42,36,43,36,44,36,47,36,48,36,49,36,50,37,41,37,42,37,43,37,54,37,55,38,42,38,43,39,43,40,56,41,55,42,55,43,56,
33,51,33,54,33,55,33,56,34,49,34,50,34,51,34,54,34,55,34,56,35,42,35,43,35,54,35,55,35,56,36,40,36,42,36,44,36,51,37,42,37,43,41,55,42,55,42,56,43,57,
32,52,32,54,33,50,33,53,33,55,34,41,34,42,34,48,34,49,34,50,34,53,34,55,34,57,35,40,35,41,35,42,35,43,35,49,35,50,35,53,35,55,36,41,36,42,36,50,36,52,36,54,37,40,37,41,37,42,37,43,37,50,38,41,38,42,41,56,41,57,42,55,42,58,
31,55,32,52,32,53,32,54,32,55,32,56,33,50,33,51,33,52,33,53,33,55,33,56,33,57,34,41,34,43,34,48,34,49,34,52,34,53,34,55,34,56,35,41,35,47,35,52,35,53,35,55,35,56,35,57,36,39,36,41,36,50,36,52,36,53,36,54,36,55,36,56,37,41,37,51,37,52,37,55,38,41,38,43,38,49,41,56,41,57,42,57,43,58,
31,54,32,55,33,56,34,42,34,48,34,49,34,56,34,58,35,39,35,40,35,42,35,49,35,50,35,56,36,40,36,41,36,42,36,50,36,51,36,52,36,55,37,39,37,40,37,42,37,49,37,50,37,51,37,54,38,42,38,48,38,51,41,57,42,56,43,56,44,57,
31,56,32,56,32,57,33,42,33,43,33,56,33,57,33,58,34,41,34,42,34,43,34,47,34,55,34,56,34,57,35,39,35,40,35,42,35,48,35,50,35,56,35,57,35,58,36,38,36,42,36,43,36,51,36,52,36,56,36,57,37,39,37,40,37,42,37,47,37,49,37,51,37,56,38,41,38,42,38,43,38,51,39,42,39,43,42,56,43,56,43,57,44,58,
33,42,33,43,33,44,33,56,33,57,34,40,34,42,34,43,34,44,34,55,34,57,34,59,35,39,35,42,35,46,35,49,35,56,35,57,36,38,36,42,36,43,36,46,36,49,36,52,37,39,37,42,37,48,38,40,38,42,38,43,38,44,38,47,38,48,38,50,39,42,39,43,39,44,42,57,42,58,43,56,43,59,
32,57,32,58,33,41,33,56,33,57,33,58,33,59,34,39,34,40,34,41,34,42,34,46,34,57,34,58,35,40,35,41,35,42,35,46,35,47,35,56,35,57,35,58,35,59,36,38,36,39,36,42,36,43,36,46,36,47,36,49,36,57,36,58,37,40,37,41,37,42,37,51,38,39,38,40,38,41,38,42,38,47,38,51,39,41,42,57,42,58,43,58,44,59,
32,56,32,58,33,41,33,42,33,43,33,47,33,58,34,39,34,40,34,42,34,43,34,46,34,48,34,58,34,60,35,38,35,47,35,58,36,39,36,43,36,56,36,58,37,38,37,47,37,48,38,39,38,40,38,42,38,43,38,48,39,41,39,42,39,43,39,50,42,58,43,57,44,57,45,58,
32,57,33,41,33,42,33,47,33,57,33,59,33,60,34,39,34,40,34,41,34,42,34,46,34,48,34,57,34,58,34,59,35,39,35,40,35,47,35,57,35,59,35,60,36,37,36,38,36,39,36,40,36,48,36,57,37,39,37,40,37,49,38,39,38,40,38,41,38,42,38,49,38,50,39,41,39,42,39,51,43,57,44,57,44,58,45,59,
31,56,31,57,32,56,32,57,32,58,33,40,33,41,33,47,33,57,33,59,33,60,34,46,34,48,34,56,34,57,34,61,35,41,35,48,35,57,35,59,35,60,36,38,36,41,36,48,36,56,36,57,36,58,37,41,37,47,37,49,37,56,37,57,38,48,38,49,38,50,38,52,39,40,39,41,43,58,43,59,44,57,44,60,
31,55,31,56,31,57,32,55,32,56,32,57,32,59,33,47,33,57,33,60,34,48,34,56,34,57,34,61,35,37,35,40,35,41,35,42,35,48,35,57,35,60,36,40,36,41,36,42,36,47,36,49,36,55,36,56,36,57,36,59,37,37,37,40,37,41,37,42,37,47,37,52,37,53,37,55,37,56,37,57,38,49,38,50,38,51,39,49,39,50,39,51,39,52,43,58,43,59,44,59,45,60,
31,58,32,57,32,58,32,59,32,60,33,57,33,58,33,59,34,38,34,40,34,47,34,48,34,56,34,57,34,60,34,61,35,38,35,39,35,41,35,47,35,57,35,58,35,59,36,36,36,37,36,38,36,39,36,41,36,43,36,47,36,50,36,51,36,57,36,58,36,59,36,60,37,38,37,39,37,41,37,50,37,51,37,58,38,38,38,40,38,48,38,49,38,53,39,49,39,52,43,59,44,58,45,58,46,59,
31,56,31,57,31,58,32,56,32,57,32,59,32,60,33,41,33,61,34,39,34,40,34,41,34,42,34,56,34,60,35,39,35,41,35,42,35,43,35,47,35,61,36,37,36,41,36,42,36,49,36,50,36,56,36,57,36,59,36,60,37,39,37,41,37,42,37,43,37,48,37,49,37,50,37,51,37,56,37,57,37,58,38,39,38,40,38,41,38,42,38,49,38,51,39,41,44,58,45,58,45,59,46,60,
31,57,31,58,32,57,32,58,32,59,32,60,33,40,33,59,33,60,34,38,34,41,34,59,34,60,34,61,34,62,35,36,35,42,35,59,35,60,36,39,36,42,36,44,36,52,36,57,36,58,36,59,36,60,37,36,37,42,37,51,37,57,37,58,38,38,38,41,38,48,38,51,39,40,39,52,44,59,44,60,45,58,45,61,
31,58,31,59,33,42,33,58,34,42,34,43,34,58,34,61,35,42,35,43,35,44,35,58,36,35,36,36,36,37,36,38,36,41,36,42,36,43,37,42,37,43,37,44,37,51,37,58,37,59,38,42,38,43,38,51,38,52,39,42,39,53,44,59,44,60,45,60,46,61,
33,57,33,58,33,59,33,62,34,57,34,58,34,59,35,34,35,42,35,43,35,57,35,58,35,59,35,62,36,34,36,41,36,43,36,45,37,42,37,43,37,52,37,53,38,51,38,54,44,60,45,59,46,59,47,60,
32,59,32,61,33,58,33,60,33,61,34,33,34,43,34,44,34,56,34,58,34,60,34,61,34,62,34,63,35,33,35,34,35,42,35,43,35,44,35,45,35,58,35,60,35,61,36,33,36,34,36,35,36,43,36,44,36,59,36,61,37,33,37,34,37,35,37,42,37,43,37,44,37,45,37,52,37,53,38,43,38,44,38,53,39,54,45,59,46,59,46,60,47,61,
31,58,32,57,32,58,32,59,32,60,33,56,33,57,33,58,33,60,34,33,34,42,34,44,34,57,34,58,34,62,35,33,35,36,35,44,35,56,35,57,35,58,35,60,36,34,36,44,36,46,36,57,36,58,36,59,36,60,37,44,37,53,37,58,38,34,38,35,38,36,38,42,38,44,38,52,39,52,40,53,45,60,45,61,46,59,46,62,
31,59,32,58,32,61,33,57,33,63,34,43,34,55,34,57,34,60,35,37,35,43,35,45,35,46,35,57,35,63,36,34,36,43,36,44,36,45,36,58,36,61,37,33,37,34,37,35,37,36,37,43,37,45,37,46,37,59,38,33,38,34,38,35,38,36,38,37,38,43,38,52,39,35,39,52,39,53,40,54,45,60,45,61,46,61,47,62,
31,57,32,56,32,57,33,42,33,43,33,55,33,56,33,57,34,42,34,43,34,44,34,56,34,57,34,58,34,61,34,62,34,63,34,64,35,43,35,45,35,46,35,55,35,56,35,57,36,33,36,38,36,42,36,43,36,47,36,56,36,57,37,38,37,43,37,45,37,46,37,57,38,33,38,36,38,37,38,42,38,43,38,44,38,53,38,54,39,35,39,42,39,43,39,52,39,55,45,61,46,60,47,60,48,61,
33,41,33,42,33,43,33,56,33,57,33,65,34,41,34,42,34,43,34,45,34,54,34,56,34,58,34,65,35,43,35,46,35,56,35,57,36,42,36,43,36,47,37,38,37,43,37,46,38,36,38,37,38,41,38,42,38,43,38,45,38,53,38,54,39,41,39,42,39,43,39,54,40,55,46,60,47,60,47,61,48,62,
32,55,32,56,32,66,33,44,33,54,33,55,33,56,33,57,33,65,33,66,34,43,34,44,34,45,34,46,34,55,34,56,34,64,34,65,34,66,35,43,35,44,35,45,35,54,35,55,35,56,35,57,35,64,35,65,35,66,36,42,36,43,36,46,36,47,36,55,36,56,37,37,37,43,37,44,37,45,38,37,38,43,38,44,38,45,38,46,38,54,39,44,39,53,40,53,41,54,46,61,46,62,47,60,47,63,
32,55,32,57,32,66,33,42,33,43,33,44,33,55,33,63,33,66,34,42,34,43,34,45,34,46,34,53,34,55,34,65,35,47,35,55,36,42,36,46,36,55,36,57,36,63,36,64,36,65,37,47,38,42,38,43,38,45,38,46,39,42,39,43,39,44,39,53,40,53,40,54,41,55,46,61,46,62,47,62,48,63,
32,56,33,43,33,44,33,53,33,54,33,56,33,62,34,43,34,44,34,45,34,46,34,54,34,55,34,56,34,65,35,45,35,46,35,53,35,54,35,56,35,63,35,64,35,65,35,66,36,45,36,46,36,47,36,48,36,56,36,62,36,63,36,64,36,65,36,66,37,45,37,46,37,64,38,43,38,44,38,45,38,46,39,43,39,44,39,54,39,55,40,53,40,56,46,62,47,61,48,61,49,62,
31,56,31,57,32,55,32,56,32,57,33,44,33,45,33,53,33,54,33,56,34,52,34,56,34,57,34,61,34,66,35,44,35,53,35,54,35,56,35,61,36,44,36,47,36,55,36,56,36,57,36,62,36,63,36,66,37,44,37,56,37,57,37,64,39,44,39,45,39,54,39,55,40,55,41,56,47,61,48,61,48,62,49,63,
31,56,31,57,31,58,32,54,32,56,32,57,32,58,33,53,33,56,34,52,34,56,34,57,35,43,35,44,35,45,35,48,35,53,35,56,35,61,36,43,36,44,36,45,36,54,36,56,36,57,36,58,36,62,36,63,37,43,37,44,37,45,37,48,37,56,37,57,37,58,39,55,40,54,41,54,42,55,47,62,47,63,48,61,48,64,
31,55,32,53,32,54,32,55,32,56,33,54,33,55,33,56,34,45,34,47,34,52,34,53,34,56,34,57,35,44,35,46,35,47,35,54,35,55,35,56,35,62,36,42,36,44,36,46,36,47,36,48,36,49,36,53,36,54,36,55,36,56,36,62,37,44,37,46,37,47,37,55,38,45,38,47,40,54,41,54,41,55,42,56,47,62,47,63,48,63,49,64,
31,55,31,56,31,57,32,53,32,54,32,56,32,57,33,44,33,52,34,43,34,44,34,45,34,46,34,53,34,57,35,42,35,43,35,44,35,46,35,52,36,43,36,44,36,48,36,53,36,54,36,56,36,57,37,42,37,43,37,44,37,46,37,55,37,56,37,57,38,43,38,44,38,45,38,46,39,44,40,55,40,56,41,54,41,57,47,63,48,62,49,62,50,63,
31,55,31,56,32,53,32,54,32,55,32,56,33,45,33,53,33,54,34,44,34,47,34,51,34,52,34,53,34,54,35,43,35,49,35,53,35,54,36,41,36,43,36,46,36,53,36,54,36,55,36,56,37,43,37,49,37,55,37,56,38,44,38,47,39,45,40,55,40,56,41,56,42,57,48,62,49,62,49,63,50,64,
31,54,31,55,33,43,33,55,34,42,34,43,34,52,34,55,35,41,35,42,35,43,35,50,35,55,36,42,36,43,36,44,36,47,36,48,36,49,36,50,37,41,37,42,37,43,37,54,37,55,38,42,38,43,39,43,40,56,41,55,42,55,43,56,48,63,48,64,49,62,49,65,
33,51,33,54,33,55,33,56,34,49,34,50,34,51,34,54,34,55,34,56,35,42,35,43,35,54,35,55,35,56,36,40,36,42,36,44,36,51,37,42,37,43,41,55,42,55,42,56,43,57,48,63,48,64,49,64,50,65,
32,52,32,54,33,50,33,53,33,55,34,41,34,42,34,48,34,49,34,50,34,53,34,55,34,57,35,40,35,41,35,42,35,43,35,49,35,50,35,53,35,55,36,41,36,42,36,50,36,52,36,54,37,40,37,41,37,42,37,43,37,50,38,41,38,42,41,56,41,57,42,55,42,58,48,64,49,63,50,63,51,64,
31,55,32,52,32,53,32,54,32,55,32,56,33,50,33,51,33,52,33,53,33,55,33,56,33,57,34,41,34,43,34,48,34,49,34,52,34,53,34,55,34,56,35,41,35,47,35,52,35,53,35,55,35,56,35,57,36,39,36,41,36,50,36,52,36,53,36,54,36,55,36,56,37,41,37,51,37,52,37,55,38,41,38,43,38,49,41,56,41,57,42,57,43,58,49,63,50,63,50,64,51,65,
31,54,32,55,33,56,34,42,34,48,34,49,34,56,34,58,35,39,35,40,35,42,35,49,35,50,35,56,36,40,36,41,36,42,36,50,36,51,36,52,36,55,37,39,37,40,37,42,37,49,37,50,37,51,37,54,38,42,38,48,38,51,41,57,42,56,43,56,44,57,49,64,49,65,50,63,50,66,
31,56,32,56,32,57,33,42,33,43,33,56,33,57,33,58,34,41,34,42,34,43,34,47,34,55,34,56,34,57,35,39,35,40,35,42,35,48,35,50,35,56,35,57,35,58,36,38,36,42,36,43,36,51,36,52,36,56,36,57,37,39,37,40,37,42,37,47,37,49,37,51,37,56,38,41,38,42,38,43,38,51,39,42,39,43,42,56,43,56,43,57,44,58,49,64,49,65,50,65,51,66,
33,42,33,43,33,44,33,56,33,57,34,40,34,42,34,43,34,44,34,55,34,57,34,59,35,39,35,42,35,46,35,49,35,56,35,57,36,38,36,42,36,43,36,46,36,49,36,52,37,39,37,42,37,48,38,40,38,42,38,43,38,44,38,47,38,48,38,50,39,42,39,43,39,44,42,57,42,58,43,56,43,59,49,65,50,64,51,64,52,65,
32,57,32,58,33,41,33,56,33,57,33,58,33,59,34,39,34,40,34,41,34,42,34,46,34,57,34,58,35,40,35,41,35,42,35,46,35,47,35,56,35,57,35,58,35,59,36,38,36,39,36,42,36,43,36,46,36,47,36,49,36,57,36,58,37,40,37,41,37,42,37,51,38,39,38,40,38,41,38,42,38,47,38,51,39,41,42,57,42,58,43,58,44,59,50,64,51,64,51,65,52,66,
32,56,32,58,33,41,33,42,33,43,33,47,33,58,34,39,34,40,34,42,34,43,34,46,34,48,34,58,34,60,35,38,35,47,35,58,36,39,36,43,36,56,36,58,37,38,37,47,37,48,38,39,38,40,38,42,38,43,38,48,39,41,39,42,39,43,39,50,42,58,43,57,44,57,45,58,50,65,50,66,51,64,51,67,
32,57,33,41,33,42,33,47,33,57,33,59,33,60,34,39,34,40,34,41,34,42,34,46,34,48,34,57,34,58,34,59,35,39,35,40,35,47,35,57,35,59,35,60,36,37,36,38,36,39,36,40,36,48,36,57,37,39,37,40,37,49,38,39,38,40,38,41,38,42,38,49,38,50,39,41,39,42,39,51,43,57,44,57,44,58,45,59,50,65,50,66,51,66,52,67,
31,56,31,57,32,56,32,57,32,58,33,40,33,41,33,47,33,57,33,59,33,60,34,46,34,48,34,56,34,57,34,61,35,41,35,48,35,57,35,59,35,60,36,38,36,41,36,48,36,56,36,57,36,58,37,41,37,47,37,49,37,56,37,57,38,48,38,49,38,50,38,52,39,40,39,41,43,58,43,59,44,57,44,60,50,66,51,65,52,65,53,66,
31,55,31,56,31,57,32,55,32,56,32,57,32,59,33,47,33,57,33,60,34,48,34,56,34,57,34,61,35,37,35,40,35,41,35,42,35,48,35,57,35,60,36,40,36,41,36,42,36,47,36,49,36,55,36,56,36,57,36,59,37,37,37,40,37,41,37,42,37,47,37,52,37,53,37,55,37,56,37,57,38,49,38,50,38,51,39,49,39,50,39,51,39,52,43,58,43,59,44,59,45,60,51,65,52,65,52,66,53,67,
31,58,32,57,32,58,32,59,32,60,33,57,33,58,33,59,34,38,34,40,34,47,34,48,34,56,34,57,34,60,34,61,35,38,35,39,35,41,35,47,35,57,35,58,35,59,36,36,36,37,36,38,36,39,36,41,36,43,36,47,36,50,36,51,36,57,36,58,36,59,36,60,37,38,37,39,37,41,37,50,37,51,37,58,38,38,38,40,38,48,38,49,38,53,39,49,39,52,43,59,44,58,45,58,46,59,51,66,51,67,52,65,52,68,
31,56,31,57,31,58,32,56,32,57,32,59,32,60,33,41,33,61,34,39,34,40,34,41,34,42,34,56,34,60,35,39,35,41,35,42,35,43,35,47,35,61,36,37,36,41,36,42,36,49,36,50,36,56,36,57,36,59,36,60,37,39,37,41,37,42,37,43,37,48,37,49,37,50,37,51,37,56,37,57,37,58,38,39,38,40,38,41,38,42,38,49,38,51,39,41,44,58,45,58,45,59,46,60,51,66,51,67,52,67,53,68,
31,57,31,58,32,57,32,58,32,59,32,60,33,40,33,59,33,60,34,38,34,41,34,59,34,60,34,61,34,62,35,36,35,42,35,59,35,60,36,39,36,42,36,44,36,52,36,57,36,58,36,59,36,60,37,36,37,42,37,51,37,57,37,58,38,38,38,41,38,48,38,51,39,40,39,52,44,59,44,60,45,58,45,61,51,67,52,66,53,66,54,67,
31,58,31,59,33,42,33,58,34,42,34,43,34,58,34,61,35,42,35,43,35,44,35,58,36,35,36,36,36,37,36,38,36,41,36,42,36,43,37,42,37,43,37,44,37,51,37,58,37,59,38,42,38,43,38,51,38,52,39,42,39,53,44,59,44,60,45,60,46,61,52,66,53,66,53,67,54,68,
33,57,33,58,33,59,33,62,34,57,34,58,34,59,35,34,35,42,35,43,35,57,35,58,35,59,35,62,36,34,36,41,36,43,36,45,37,42,37,43,37,52,37,53,38,51,38,54,44,60,45,59,46,59,47,60,52,67,52,68,53,66,53,69,
32,59,32,61,33,58,33,60,33,61,34,33,34,43,34,44,34,56,34,58,34,60,34,61,34,62,34,63,35,33,35,34,35,42,35,43,35,44,35,45,35,58,35,60,35,61,36,33,36,34,36,35,36,43,36,44,36,59,36,61,37,33,37,34,37,35,37,42,37,43,37,44,37,45,37,52,37,53,38,43,38,44,38,53,39,54,45,59,46,59,46,60,47,61,52,67,52,68,53,68,54,69,
31,58,32,57,32,58,32,59,32,60,33,56,33,57,33,58,33,60,34,33,34,42,34,44,34,57,34,58,34,62,35,33,35,36,35,44,35,56,35,57,35,58,35,60,36,34,36,44,36,46,36,57,36,58,36,59,36,60,37,44,37,53,37,58,38,34,38,35,38,36,38,42,38,44,38,52,39,52,40,53,45,60,45,61,46,59,46,62,52,68,53,67,54,67,55,68,
31,59,32,58,32,61,33,57,33,63,34,43,34,55,34,57,34,60,35,37,35,43,35,45,35,46,35,57,35,63,36,34,36,43,36,44,36,45,36,58,36,61,37,33,37,34,37,35,37,36,37,43,37,45,37,46,37,59,38,33,38,34,38,35,38,36,38,37,38,43,38,52,39,35,39,52,39,53,40,54,45,60,45,61,46,61,47,62,53,67,54,67,54,68,55,69,
31,57,32,56,32,57,33,42,33,43,33,55,33,56,33,57,34,42,34,43,34,44,34,56,34,57,34,58,34,61,34,62,34,63,34,64,35,43,35,45,35,46,35,55,35,56,35,57,36,33,36,38,36,42,36,43,36,47,36,56,36,57,37,38,37,43,37,45,37,46,37,57,38,33,38,36,38,37,38,42,38,43,38,44,38,53,38,54,39,35,39,42,39,43,39,52,39,55,45,61,46,60,47,60,48,61,53,68,53,69,54,67,54,70,
33,41,33,42,33,43,33,56,33,57,33,65,34,41,34,42,34,43,34,45,34,54,34,56,34,58,34,65,35,43,35,46,35,56,35,57,36,42,36,43,36,47,37,38,37,43,37,46,38,36,38,37,38,41,38,42,38,43,38,45,38,53,38,54,39,41,39,42,39,43,39,54,40,55,46,60,47,60,47,61,48,62,53,68,53,69,54,69,55,70,
32,55,32,56,32,66,33,44,33,54,33,55,33,56,33,57,33,65,33,66,34,43,34,44,34,45,34,46,34,55,34,56,34,64,34,65,34,66,35,43,35,44,35,45,35,54,35,55,35,56,35,57,35,64,35,65,35,66,36,42,36,43,36,46,36,47,36,55,36,56,37,37,37,43,37,44,37,45,38,37,38,43,38,44,38,45,38,46,38,54,39,44,39,53,40,53,41,54,46,61,46,62,47,60,47,63,53,69,54,68,55,68,56,69,
32,55,32,57,32,66,33,42,33,43,33,44,33,55,33,63,33,66,34,42,34,43,34,45,34,46,34,53,34,55,34,65,35,47,35,55,36,42,36,46,36,55,36,57,36,63,36,64,36,65,37,47,38,42,38,43,38,45,38,46,39,42,39,43,39,44,39,53,40,53,40,54,41,55,46,61,46,62,47,62,48,63,54,68,55,68,55,69,56,70,
32,56,33,43,33,44,33,53,33,54,33,56,33,62,34,43,34,44,34,45,34,46,34,54,34,55,34,56,34,65,35,45,35,46,35,53,35,54,35,56,35,63,35,64,35,65,35,66,36,45,36,46,36,47,36,48,36,56,36,62,36,63,36,64,36,65,36,66,37,45,37,46,37,64,38,43,38,44,38,45,38,46,39,43,39,44,39,54,39,55,40,53,40,56,46,62,47,61,48,61,49,62,54,69,54,70,55,68,55,71,
31,56,31,57,32,55,32,56,32,57,33,44,33,45,33,53,33,54,33,56,34,52,34,56,34,57,34,61,34,66,35,44,35,53,35,54,35,56,35,61,36,44,36,47,36,55,36,56,36,57,36,62,36,63,36,66,37,44,37,56,37,57,37,64,39,44,39,45,39,54,39,55,40,55,41,56,47,61,48,61,48,62,49,63,54,69,54,70,55,70,56,71,
31,56,31,57,31,58,32,54,32,56,32,57,32,58,33,53,33,56,34,52,34,56,34,57,35,43,35,44,35,45,35,48,35,53,35,56,35,61,36,43,36,44,36,45,36,54,36,56,36,57,36,58,36,62,36,63,37,43,37,44,37,45,37,48,37,56,37,57,37,58,39,55,40,54,41,54,42,55,47,62,47,63,48,61,48,64,54,70,55,69,56,69,57,70,
31,55,32,53,32,54,32,55,32,56,33,54,33,55,33,56,34,45,34,47,34,52,34,53,34,56,34,57,35,44,35,46,35,47,35,54,35,55,35,56,35,62,36,42,36,44,36,46,36,47,36,48,36,49,36,53,36,54,36,55,36,56,36,62,37,44,37,46,37,47,37,55,38,45,38,47,40,54,41,54,41,55,42,56,47,62,47,63,48,63,49,64,55,69,56,69,56,70,57,71,
31,55,31,56,31,57,32,53,32,54,32,56,32,57,33,44,33,52,34,43,34,44,34,45,34,46,34,53,34,57,35,42,35,43,35,44,35,46,35,52,36,43,36,44,36,48,36,53,36,54,36,56,36,57,37,42,37,43,37,44,37,46,37,55,37,56,37,57,38,43,38,44,38,45,38,46,39,44,40,55,40,56,41,54,41,57,47,63,48,62,49,62,50,63,55,70,55,71,56,69,56,72,
31,55,31,56,32,53,32,54,32,55,32,56,33,45,33,53,33,54,34,44,34,47,34,51,34,52,34,53,34,54,35,43,35,49,35,53,35,54,36,41,36,43,36,46,36,53,36,54,36,55,36,56,37,43,37,49,37,55,37,56,38,44,38,47,39,45,40,55,40,56,41,56,42,57,48,62,49,62,49,63,50,64,55,70,55,71,56,71,57,72,
31,54,31,55,33,43,33,55,34,42,34,43,34,52,34,55,35,41,35,42,35,43,35,50,35,55,36,42,36,43,36,44,36,47,36,48,36,49,36,50,37,41,37,42,37,43,37,54,37,55,38,42,38,43,39,43,40,56,41,55,42,55,43,56,48,63,48,64,49,62,49,65,55,71,56,70,57,70,58,71,
33,51,33,54,33,55,33,56,34,49,34,50,34,51,34,54,34,55,34,56,35,42,35,43,35,54,35,55,35,56,36,40,36,42,36,44,36,51,37,42,37,43,41,55,42,55,42,56,43,57,48,63,48,64,49,64,50,65,56,70,57,70,57,71,58,72,
32,52,32,54,33,50,33,53,33,55,34,41,34,42,34,48,34,49,34,50,34,53,34,55,34,57,35,40,35,41,35,42,35,43,35,49,35,50,35,53,35,55,36,41,36,42,36,50,36,52,36,54,37,40,37,41,37,42,37,43,37,50,38,41,38,42,41,56,41,57,42,55,42,58,48,64,49,63,50,63,51,64,56,71,56,72,57,70,57,73,
31,55,32,52,32,53,32,54,32,55,32,56,33,50,33,51,33,52,33,53,33,55,33,56,33,57,34,41,34,43,34,48,34,49,34,52,34,53,34,55,34,56,35,41,35,47,35,52,35,53,35,55,35,56,35,57,36,39,36,41,36,50,36,52,36,53,36,54,36,55,36,56,37,41,37,51,37,52,37,55,38,41,38,43,38,49,41,56,41,57,42,57,43,58,49,63,50,63,50,64,51,65,56,71,56,72,57,72,58,73,
31,54,32,55,33,56,34,42,34,48,34,49,34,56,34,58,35,39,35,40,35,42,35,49,35,50,35,56,36,40,36,41,36,42,36,50,36,51,36,52,36,55,37,39,37,40,37,42,37,49,37,50,37,51,37,54,38,42,38,48,38,51,41,57,42,56,43,56,44,57,49,64,49,65,50,63,50,66,56,72,57,71,58,71,59,72,
31,56,32,56,32,57,33,42,33,43,33,56,33,57,33,58,34,41,34,42,34,43,34,47,34,55,34,56,34,57,35,39,35,40,35,42,35,48,35,50,35,56,35,57,35,58,36,38,36,42,36,43,36,51,36,52,36,56,36,57,37,39,37,40,37,42,37,47,37,49,37,51,37,56,38,41,38,42,38,43,38,51,39,42,39,43,42,56,43,56,43,57,44,58,49,64,49,65,50,65,51,66,57,71,58,71,58,72,59,73,
33,42,33,43,33,44,33,56,33,57,34,40,34,42,34,43,34,44,34,55,34,57,34,59,35,39,35,42,35,46,35,49,35,56,35,57,36,38,36,42,36,43,36,46,36,49,36,52,37,39,37,42,37,48,38,40,38,42,38,43,38,44,38,47,38,48,38,50,39,42,39,43,39,44,42,57,42,58,43,56,43,59,49,65,50,64,51,64,52,65,57,72,57,73,58,71,58,74,
32,57,32,58,33,41,33,56,33,57,33,58,33,59,34,39,34,40,34,41,34,42,34,46,34,57,34,58,35,40,35,41,35,42,35,46,35,47,35,56,35,57,35,58,35,59,36,38,36,39,36,42,36,43,36,46,36,47,36,49,36,57,36,58,37,40,37,41,37,42,37,51,38,39,38,40,38,41,38,42,38,47,38,51,39,41,42,57,42,58,43,58,44,59,50,64,51,64,51,65,52,66,57,72,57,73,58,73,59,74,
32,56,32,58,33,41,33,42,33,43,33,47,33,58,34,39,34,40,34,42,34,43,34,46,34,48,34,58,34,60,35,38,35,47,35,58,36,39,36,43,36,56,36,58,37,38,37,47,37,48,38,39,38,40,38,42,38,43,38,48,39,41,39,42,39,43,39,50,42,58,43,57,44,57,45,58,50,65,50,66,51,64,51,67,57,73,58,72,59,72,60,73,
32,57,33,41,33,42,33,47,33,57,33,59,33,60,34,39,34,40,34,41,34,42,34,46,34,48,34,57,34,58,34,59,35,39,35,40,35,47,35,57,35,59,35,60,36,37,36,38,36,39,36,40,36,48,36,57,37,39,37,40,37,49,38,39,38,40,38,41,38,42,38,49,38,50,39,41,39,42,39,51,43,57,44,57,44,58,45,59,50,65,50,66,51,66,52,67,58,72,59,72,59,73,60,74,
31,56,31,57,32,56,32,57,32,58,33,40,33,41,33,47,33,57,33,59,33,60,34,46,34,48,34,56,34,57,34,61,35,41,35,48,35,57,35,59,35,60,36,38,36,41,36,48,36,56,36,57,36,58,37,41,37,47,37,49,37,56,37,57,38,48,38,49,38,50,38,52,39,40,39,41,43,58,43,59,44,57,44,60,50,66,51,65,52,65,53,66,58,73,58,74,59,72,59,75,
31,55,31,56,31,57,32,55,32,56,32,57,32,59,33,47,33,57,33,60,34,48,34,56,34,57,34,61,35,37,35,40,35,41,35,42,35,48,35,57,35,60,36,40,36,41,36,42,36,47,36,49,36,55,36,56,36,57,36,59,37,37,37,40,37,41,37,42,37,47,37,52,37,53,37,55,37,56,37,57,38,49,38,50,38,51,39,49,39,50,39,51,39,52,43,58,43,59,44,59,45,60,51,65,52,65,52,66,53,67,58,73,58,74,59,74,60,75,
31,58,32,57,32,58,32,59,32,60,33,57,33,58,33,59,34,38,34,40,34,47,34,48,34,56,34,57,34,60,34,61,35,38,35,39,35,41,35,47,35,57,35,58,35,59,36,36,36,37,36,38,36,39,36,41,36,43,36,47,36,50,36,51,36,57,36,58,36,59,36,60,37,38,37,39,37,41,37,50,37,51,37,58,38,38,38,40,38,48,38,49,38,53,39,49,39,52,43,59,44,58,45,58,46,59,51,66,51,67,52,65,52,68,58,74,59,73,60,73,61,74,
31,56,31,57,31,58,32,56,32,57,32,59,32,60,33,41,33,61,34,39,34,40,34,41,34,42,34,56,34,60,35,39,35,41,35,42,35,43,35,47,35,61,36,37,36,41,36,42,36,49,36,50,36,56,36,57,36,59,36,60,37,39,37,41,37,42,37,43,37,48,37,49,37,50,37,51,37,56,37,57,37,58,38,39,38,40,38,41,38,42,38,49,38,51,39,41,44,58,45,58,45,59,46,60,51,66,51,67,52,67,53,68,59,73,60,73,60,74,61,75,
31,57,31,58,32,57,32,58,32,59,32,60,33,40,33,59,33,60,34,38,34,41,34,59,34,60,34,61,34,62,35,36,35,42,35,59,35,60,36,39,36,42,36,44,36,52,36,57,36,58,36,59,36,60,37,36,37,42,37,51,37,57,37,58,38,38,38,41,38,48,38,51,39,40,39,52,44,59,44,60,45,58,45,61,51,67,52,66,53,66,54,67,59,74,59,75,60,73,60,76,
31,58,31,59,33,42,33,58,34,42,34,43,34,58,34,61,35,42,35,43,35,44,35,58,36,35,36,36,36,37,36,38,36,41,36,42,36,43,37,42,37,43,37,44,37,51,37,58,37,59,38,42,38,43,38,51,38,52,39,42,39,53,44,59,44,60,45,60,46,61,52,66,53,66,53,67,54,68,59,74,59,75,60,75,61,76,
33,57,33,58,33,59,33,62,34,57,34,58,34,59,35,34,35,42,35,43,35,57,35,58,35,59,35,62,36,34,36,41,36,43,36,45,37,42,37,43,37,52,37,53,38,51,38,54,44,60,45,59,46,59,47,60,52,67,52,68,53,66,53,69,59,75,60,74,61,74,62,75,
32,59,32,61,33,58,33,60,33,61,34,33,34,43,34,44,34,56,34,58,34,60,34,61,34,62,34,63,35,33,35,34,35,42,35,43,35,44,35,45,35,58,35,60,35,61,36,33,36,34,36,35,36,43,36,44,36,59,36,61,37,33,37,34,37,35,37,42,37,43,37,44,37,45,37,52,37,53,38,43,38,44,38,53,39,54,45,59,46,59,46,60,47,61,52,67,52,68,53,68,54,69,60,74,61,74,61,75,62,76,
31,58,32,57,32,58,32,59,32,60,33,56,33,57,33,58,33,60,34,33,34,42,34,44,34,57,34,58,34,62,35,33,35,36,35,44,35,56,35,57,35,58,35,60,36,34,36,44,36,46,36,57,36,58,36,59,36,60,37,44,37,53,37,58,38,34,38,35,38,36,38,42,38,44,38,52,39,52,40,53,45,60,45,61,46,59,46,62,52,68,53,67,54,67,55,68,60,75,60,76,61,74,61,77,
31,59,32,58,32,61,33,57,33,63,34,43,34,55,34,57,34,60,35,37,35,43,35,45,35,46,35,57,35,63,36,34,36,43,36,44,36,45,36,58,36,61,37,33,37,34,37,35,37,36,37,43,37,45,37,46,37,59,38,33,38,34,38,35,38,36,38,37,38,43,38,52,39,35,39,52,39,53,40,54,45,60,45,61,46,61,47,62,53,67,54,67,54,68,55,69,60,75,60,76,61,76,62,77,
31,57,32,56,32,57,33,42,33,43,33,55,33,56,33,57,34,42,34,43,34,44,34,56,34,57,34,58,34,61,34,62,34,63,34,64,35,43,35,45,35,46,35,55,35,56,35,57,36,33,36,38,36,42,36,43,36,47,36,56,36,57,37,38,37,43,37,45,37,46,37,57,38,33,38,36,38,37,38,42,38,43,38,44,38,53,38,54,39,35,39,42,39,43,39,52,39,55,45,61,46,60,47,60,48,61,53,68,53,69,54,67,54,70,60,76,61,75,62,75,63,76,
33,41,33,42,33,43,33,56,33,57,33,65,34,41,34,42,34,43,34,45,34,54,34,56,34,58,34,65,35,43,35,46,35,56,35,57,36,42,36,43,36,47,37,38,37,43,37,46,38,36,38,37,38,41,38,42,38,43,38,45,38,53,38,54,39,41,39,42,39,43,39,54,40,55,46,60,47,60,47,61,48,62,53,68,53,69,54,69,55,70,61,75,62,75,62,76,63,77,
32,55,32,56,32,66,33,44,33,54,33,55,33,56,33,57,33,65,33,66,34,43,34,44,34,45,34,46,34,55,34,56,34,64,34,65,34,66,35,43,35,44,35,45,35,54,35,55,35,56,35,57,35,64,35,65,35,66,36,42,36,43,36,46,36,47,36,55,36,56,37,37,37,43,37,44,37,45,38,37,38,43,38,44,38,45,38,46,38,54,39,44,39,53,40,53,41,54,46,61,46,62,47,60,47,63,53,69,54,68,55,68,56,69,61,76,61,77,62,75,62,78,
32,55,32,57,32,66,33,42,33,43,33,44,33,55,33,63,33,66,34,42,34,43,34,45,34,46,34,53,34,55,34,65,35,47,35,55,36,42,36,46,36,55,36,57,36,63,36,64,36,65,37,47,38,42,38,43,38,45,38,46,39,42,39,43,39,44,39,53,40,53,40,54,41,55,46,61,46,62,47,62,48,63,54,68,55,68,55,69,56,70,61,76,61,77,62,77,63,78,
32,56,33,43,33,44,33,53,33,54,33,56,33,62,34,43,34,44,34,45,34,46,34,54,34,55,34,56,34,65,35,45,35,46,35,53,35,54,35,56,35,63,35,64,35,65,35,66,36,45,36,46,36,47,36,48,36,56,36,62,36,63,36,64,36,65,36,66,37,45,37,46,37,64,38,43,38,44,38,45,38,46,39,43,39,44,39,54,39,55,40,53,40,56,46,62,47,61,48,61,49,62,54,69,54,70,55,68,55,71,61,77,62,76,63,76,64,77,
31,56,31,57,32,55,32,56,32,57,33,44,33,45,33,53,33,54,33,56,34,52,34,56,34,57,34,61,34,66,35,44,35,53,35,54,35,56,35,61,36,44,36,47,36,55,36,56,36,57,36,62,36,63,36,66,37,44,37,56,37,57,37,64,39,44,39,45,39,54,39,55,40,55,41,56,47,61,48,61,48,62,49,63,54,69,54,70,55,70,56,71,62,76,63,76,63,77,64,78,
31,56,31,57,31,58,32,54,32,56,32,57,32,58,33,53,33,56,34,52,34,56,34,57,35,43,35,44,35,45,35,48,35,53,35,56,35,61,36,43,36,44,36,45,36,54,36,56,36,57,36,58,36,62,36,63,37,43,37,44,37,45,37,48,37,56,37,57,37,58,39,55,40,54,41,54,42,55,47,62,47,63,48,61,48,64,54,70,55,69,56,69,57,70,62,77,62,78,63,76,63,79,
31,55,32,53,32,54,32,55,32,56,33,54,33,55,33,56,34,45,34,47,34,52,34,53,34,56,34,57,35,44,35,46,35,47,35,54,35,55,35,56,35,62,36,42,36,44,36,46,36,47,36,48,36,49,36,53,36,54,36,55,36,56,36,62,37,44,37,46,37,47,37,55,38,45,38,47,40,54,41,54,41,55,42,56,47,62,47,63,48,63,49,64,55,69,56,69,56,70,57,71,62,77,62,78,63,78,64,79,
31,55,31,56,31,57,32,53,32,54,32,56,32,57,33,44,33,52,34,43,34,44,34,45,34,46,34,53,34,57,35,42,35,43,35,44,35,46,35,52,36,43,36,44,36,48,36,53,36,54,36,56,36,57,37,42,37,43,37,44,37,46,37,55,37,56,37,57,38,43,38,44,38,45,38,46,39,44,40,55,40,56,41,54,41,57,47,63,48,62,49,62,50,63,55,70,55,71,56,69,56,72,62,78,63,77,64,77,65,78,
31,55,31,56,32,53,32,54,32,55,32,56,33,45,33,53,33,54,34,44,34,47,34,51,34,52,34,53,34,54,35,43,35,49,35,53,35,54,36,41,36,43,36,46,36,53,36,54,36,55,36,56,37,43,37,49,37,55,37,56,38,44,38,47,39,45,40,55,40,56,41,56,42,57,48,62,49,62,49,63,50,64,55,70,55,71,56,71,57,72,63,77,64,77,64,78,65,79,
31,54,31,55,33,43,33,55,34,42,34,43,34,52,34,55,35,41,35,42,35,43,35,50,35,55,36,42,36,43,36,44,36,47,36,48,36,49,36,50,37,41,37,42,37,43,37,54,37,55,38,42,38,43,39,43,40,56,41,55,42,55,43,56,48,63,48,64,49,62,49,65,55,71,56,70,57,70,58,71,63,78,63,79,64,77,64,80,
33,51,33,54,33,55,33,56,34,49,34,50,34,51,34,54,34,55,34,56,35,42,35,43,35,54,35,55,35,56,36,40,36,42,36,44,36,51,37,42,37,43,41,55,42,55,42,56,43,57,48,63,48,64,49,64,50,65,56,70,57,70,57,71,58,72,63,78,63,79,64,79,65,80,
32,52,32,54,33,50,33,53,33,55,34,41,34,42,34,48,34,49,34,50,34,53,34,55,34,57,35,40,35,41,35,42,35,43,35,49,35,50,35,53,35,55,36,41,36,42,36,50,36,52,36,54,37,40,37,41,37,42,37,43,37,50,38,41,38,42,41,56,41,57,42,55,42,58,48,64,49,63,50,63,51,64,56,71,56,72,57,70,57,73,63,79,64,78,65,78,66,79,
31,55,32,52,32,53,32,54,32,55,32,56,33,50,33,51,33,52,33,53,33,55,33,56,33,57,34,41,34,43,34,48,34,49,34,52,34,53,34,55,34,56,35,41,35,47,35,52,35,53,35,55,35,56,35,57,36,39,36,41,36,50,36,52,36,53,36,54,36,55,36,56,37,41,37,51,37,52,37,55,38,41,38,43,38,49,41,56,41,57,42,57,43,58,49,63,50,63,50,64,51,65,56,71,56,72,57,72,58,73,64,78,65,78,65,79,66,80,
31,54,32,55,33,56,34,42,34,48,34,49,34,56,34,58,35,39,35,40,35,42,35,49,35,50,35,56,36,40,36,41,36,42,36,50,36,51,36,52,36,55,37,39,37,40,37,42,37,49,37,50,37,51,37,54,38,42,38,48,38,51,41,57,42,56,43,56,44,57,49,64,49,65,50,63,50,66,56,72,57,71,58,71,59,72,64,79,64,80,65,78,65,81,
31,56,32,56,32,57,33,42,33,43,33,56,33,57,33,58,34,41,34,42,34,43,34,47,34,55,34,56,34,57,35,39,35,40,35,42,35,48,35,50,35,56,35,57,35,58,36,38,36,42,36,43,36,51,36,52,36,56,36,57,37,39,37,40,37,42,37,47,37,49,37,51,37,56,38,41,38,42,38,43,38,51,39,42,39,43,42,56,43,56,43,57,44,58,49,64,49,65,50,65,51,66,57,71,58,71,58,72,59,73,64,79,64,80,65,80,66,81,
33,42,33,43,33,44,33,56,33,57,34,40,34,42,34,43,34,44,34,55,34,57,34,59,35,39,35,42,35,46,35,49,35,56,35,57,36,38,36,42,36,43,36,46,36,49,36,52,37,39,37,42,37,48,38,40,38,42,38,43,38,44,38,47,38,48,38,50,39,42,39,43,39,44,42,57,42,58,43,56,43,59,49,65,50,64,51,64,52,65,57,72,57,73,58,71,58,74,64,80,65,79,66,79,67,80,
32,57,32,58,33,41,33,56,33,57,33,58,33,59,34,39,34,40,34,41,34,42,34,46,34,57,34,58,35,40,35,41,35,42,35,46,35,47,35,56,35,57,35,58,35,59,36,38,36,39,36,42,36,43,36,46,36,47,36,49,36,57,36,58,37,40,37,41,37,42,37,51,38,39,38,40,38,41,38,42,38,47,38,51,39,41,42,57,42,58,43,58,44,59,50,64,51,64,51,65,52,66,57,72,57,73,58,73,59,74,65,79,66,79,66,80,67,81,
32,56,32,58,33,41,33,42,33,43,33,47,33,58,34,39,34,40,34,42,34,43,34,46,34,48,34,58,34,60,35,38,35,47,35,58,36,39,36,43,36,56,36,58,37,38,37,47,37,48,38,39,38,40,38,42,38,43,38,48,39,41,39,42,39,43,39,50,42,58,43,57,44,57,45,58,50,65,50,66,51,64,51,67,57,73,58,72,59,72,60,73,65,80,65,81,66,79,66,82,
32,57,33,41,33,42,33,47,33,57,33,59,33,60,34,39,34,40,34,41,34,42,34,46,34,48,34,57,34,58,34,59,35,39,35,40,35,47,35,57,35,59,35,60,36,37,36,38,36,39,36,40,36,48,36,57,37,39,37,40,37,49,38,39,38,40,38,41,38,42,38,49,38,50,39,41,39,42,39,51,43,57,44,57,44,58,45,59,50,65,50,66,51,66,52,67,58,72,59,72,59,73,60,74,65,80,65,81,66,81,67,82,
31,56,31,57,32,56,32,57,32,58,33,40,33,41,33,47,33,57,33,59,33,60,34,46,34,48,34,56,34,57,34,61,35,41,35,48,35,57,35,59,35,60,36,38,36,41,36,48,36,56,36,57,36,58,37,41,37,47,37,49,37,56,37,57,38,48,38,49,38,50,38,52,39,40,39,41,43,58,43,59,44,57,44,60,50,66,51,65,52,65,53,66,58,73,58,74,59,72,59,75,65,81,66,80,67,80,68,81,
31,55,31,56,31,57,32,55,32,56,32,57,32,59,33,47,33,57,33,60,34,48,34,56,34,57,34,61,35,37,35,40,35,41,35,42,35,48,35,57,35,60,36,40,36,41,36,42,36,47,36,49,36,55,36,56,36,57,36,59,37,37,37,40,37,41,37,42,37,47,37,52,37,53,37,55,37,56,37,57,38,49,38,50,38,51,39,49,39,50,39,51,39,52,43,58,43,59,44,59,45,60,51,65,52,65,52,66,53,67,58,73,58,74,59,74,60,75,66,80,67,80,67,81,68,82,
31,58,32,57,32,58,32,59,32,60,33,57,33,58,33,59,34,38,34,40,34,47,34,48,34,56,34,57,34,60,34,61,35,38,35,39,35,41,35,47,35,57,35,58,35,59,36,36,36,37,36,38,36,39,36,41,36,43,36,47,36,50,36,51,36,57,36,58,36,59,36,60,37,38,37,39,37,41,37,50,37,51,37,58,38,38,38,40,38,48,38,49,38,53,39,49,39,52,43,59,44,58,45,58,46,59,51,66,51,67,52,65,52,68,58,74,59,73,60,73,61,74,66,81,66,82,67,80,67,83,
31,56,31,57,31,58,32,56,32,57,32,59,32,60,33,41,33,61,34,39,34,40,34,41,34,42,34,56,34,60,35,39,35,41,35,42,35,43,35,47,35,61,36,37,36,41,36,42,36,49,36,50,36,56,36,57,36,59,36,60,37,39,37,41,37,42,37,43,37,48,37,49,37,50,37,51,37,56,37,57,37,58,38,39,38,40,38,41,38,42,38,49,38,51,39,41,44,58,45,58,45,59,46,60,51,66,51,67,52,67,53,68,59,73,60,73,60,74,61,75,66,81,66,82,67,82,68,83,
31,57,31,58,32,57,32,58,32,59,32,60,33,40,33,59,33,60,34,38,34,41,34,59,34,60,34,61,34,62,35,36,35,42,35,59,35,60,36,39,36,42,36,44,36,52,36,57,36,58,36,59,36,60,37,36,37,42,37,51,37,57,37,58,38,38,38,41,38,48,38,51,39,40,39,52,44,59,44,60,45,58,45,61,51,67,52,66,53,66,54,67,59,74,59,75,60,73,60,76,66,82,67,81,68,81,69,82,
31,58,31,59,33,42,33,58,34,42,34,43,34,58,34,61,35,42,35,43,35,44,35,58,36,35,36,36,36,37,36,38,36,41,36,42,36,43,37,42,37,43,37,44,37,51,37,58,37,59,38,42,38,43,38,51,38,52,39,42,39,53,44,59,44,60,45,60,46,61,52,66,53,66,53,67,54,68,59,74,59,75,60,75,61,76,67,81,68,81,68,82,69,83,
33,57,33,58,33,59,33,62,34,57,34,58,34,59,35,34,35,42,35,43,35,57,35,58,35,59,35,62,36,34,36,41,36,43,36,45,37,42,37,43,37,52,37,53,38,51,38,54,44,60,45,59,46,59,47,60,52,67,52,68,53,66,53,69,59,75,60,74,61,74,62,75,67,82,67,83,68,81,68,84,
32,59,32,61,33,58,33,60,33,61,34,33,34,43,34,44,34,56,34,58,34,60,34,61,34,62,34,63,35,33,35,34,35,42,35,43,35,44,35,45,35,58,35,60,35,61,36,33,36,34,36,35,36,43,36,44,36,59,36,61,37,33,37,34,37,35,37,42,37,43,37,44,37,45,37,52,37,53,38,43,38,44,38,53,39,54,45,59,46,59,46,60,47,61,52,67,52,68,53,68,54,69,60,74,61,74,61,75,62,76,67,82,67,83,68,83,69,84,
31,58,32,57,32,58,32,59,32,60,33,56,33,57,33,58,33,60,34,33,34,42,34,44,34,57,34,58,34,62,35,33,35,36,35,44,35,56,35,57,35,58,35,60,36,34,36,44,36,46,36,57,36,58,36,59,36,60,37,44,37,53,37,58,38,34,38,35,38,36,38,42,38,44,38,52,39,52,40,53,45,60,45,61,46,59,46,62,52,68,53,67,54,67,55,68,60,75,60,76,61,74,61,77,67,83,68,82,69,82,70,83,
31,59,32,58,32,61,33,57,33,63,34,43,34,55,34,57,34,60,35,37,35,43,35,45,35,46,35,57,35,63,36,34,36,43,36,44,36,45,36,58,36,61,37,33,37,34,37,35,37,36,37,43,37,45,37,46,37,59,38,33,38,34,38,35,38,36,38,37,38,43,38,52,39,35,39,52,39,53,40,54,45,60,45,61,46,61,47,62,53,67,54,67,54,68,55,69,60,75,60,76,61,76,62,77,68,82,69,82,69,83,70,84,
31,57,32,56,32,57,33,42,33,43,33,55,33,56,33,57,34,42,34,43,34,44,34,56,34,57,34,58,34,61,34,62,34,63,34,64,35,43,35,45,35,46,35,55,35,56,35,57,36,33,36,38,36,42,36,43,36,47,36,56,36,57,37,38,37,43,37,45,37,46,37,57,38,33,38,36,38,37,38,42,38,43,38,44,38,53,38,54,39,35,39,42,39,43,39,52,39,55,45,61,46,60,47,60,48,61,53,68,53,69,54,67,54,70,60,76,61,75,62,75,63,76,68,83,68,84,69,82,69,85,
33,41,33,42,33,43,33,56,33,57,33,65,34,41,34,42,34,43,34,45,34,54,34,56,34,58,34,65,35,43,35,46,35,56,35,57,36,42,36,43,36,47,37,38,37,43,37,46,38,36,38,37,38,41,38,42,38,43,38,45,38,53,38,54,39,41,39,42,39,43,39,54,40,55,46,60,47,60,47,61,48,62,53,68,53,69,54,69,55,70,61,75,62,75,62,76,63,77,68,83,68,84,69,84,70,85,
32,55,32,56,32,66,33,44,33,54,33,55,33,56,33,57,33,65,33,66,34,43,34,44,34,45,34,46,34,55,34,56,34,64,34,65,34,66,35,43,35,44,35,45,35,54,35,55,35,56,35,57,35,64,35,65,35,66,36,42,36,43,36,46,36,47,36,55,36,56,37,37,37,43,37,44,37,45,38,37,38,43,38,44,38,45,38,46,38,54,39,44,39,53,40,53,41,54,46,61,46,62,47,60,47,63,53,69,54,68,55,68,56,69,61,76,61,77,62,75,62,78,68,84,69,83,70,83,71,84,
32,55,32,57,32,66,33,42,33,43,33,44,33,55,33,63,33,66,34,42,34,43,34,45,34,46,34,53,34,55,34,65,35,47,35,55,36,42,36,46,36,55,36,57,36,63,36,64,36,65,37,47,38,42,38,43,38,45,38,46,39,42,39,43,39,44,39,53,40,53,40,54,41,55,46,61,46,62,47,62,48,63,54,68,55,68,55,69,56,70,61,76,61,77,62,77,63,78,69,83,70,83,70,84,71,85,
32,56,33,43,33,44,33,53,33,54,33,56,33,62,34,43,34,44,34,45,34,46,34,54,34,55,34,56,34,65,35,45,35,46,35,53,35,54,35,56,35,63,35,64,35,65,35,66,36,45,36,46,36,47,36,48,36,56,36,62,36,63,36,64,36,65,36,66,37,45,37,46,37,64,38,43,38,44,38,45,38,46,39,43,39,44,39,54,39,55,40,53,40,56,46,62,47,61,48,61,49,62,54,69,54,70,55,68,55,71,61,77,62,76,63,76,64,77,69,84,69,85,70,83,70,86,
31,56,31,57,32,55,32,56,32,57,33,44,33,45,33,53,33,54,33,56,34,52,34,56,34,57,34,61,34,66,35,44,35,53,35,54,35,56,35,61,36,44,36,47,36,55,36,56,36,57,36,62,36,63,36,66,37,44,37,56,37,57,37,64,39,44,39,45,39,54,39,55,40,55,41,56,47,61,48,61,48,62,49,63,54,69,54,70,55,70,56,71,62,76,63,76,63,77,64,78,69,84,69,85,70,85,71,86,
31,56,31,57,31,58,32,54,32,56,32,57,32,58,33,53,33,56,34,52,34,56,34,57,35,43,35,44,35,45,35,48,35,53,35,56,35,61,36,43,36,44,36,45,36,54,36,56,36,57,36,58,36,62,36,63,37,43,37,44,37,45,37,48,37,56,37,57,37,58,39,55,40,54,41,54,42,55,47,62,47,63,48,61,48,64,54,70,55,69,56,69,57,70,62,77,62,78,63,76,63,79,69,85,70,84,71,84,72,85,
31,55,32,53,32,54,32,55,32,56,33,54,33,55,33,56,34,45,34,47,34,52,34,53,34,56,34,57,35,44,35,46,35,47,35,54,35,55,35,56,35,62,36,42,36,44,36,46,36,47,36,48,36,49,36,53,36,54,36,55,36,56,36,62,37,44,37,46,37,47,37,55,38,45,38,47,40,54,41,54,41,55,42,56,47,62,47,63,48,63,49,64,55,69,56,69,56,70,57,71,62,77,62,78,63,78,64,79,70,84,71,84,71,85,72,86,
31,55,31,56,31,57,32,53,32,54,32,56,32,57,33,44,33,52,34,43,34,44,34,45,34,46,34,53,34,57,35,42,35,43,35,44,35,46,35,52,36,43,36,44,36,48,36,53,36,54,36,56,36,57,37,42,37,43,37,44,37,46,37,55,37,56,37,57,38,43,38,44,38,45,38,46,39,44,40,55,40,56,41,54,41,57,47,63,48,62,49,62,50,63,55,70,55,71,56,69,56,72,62,78,63,77,64,77,65,78,70,85,70,86,71,84,71,87,
31,55,31,56,32,53,32,54,32,55,32,56,33,45,33,53,33,54,34,44,34,47,34,51,34,52,34,53,34,54,35,43,35,49,35,53,35,54,36,41,36,43,36,46,36,53,36,54,36,55,36,56,37,43,37,49,37,55,37,56,38,44,38,47,39,45,40,55,40,56,41,56,42,57,48,62,49,62,49,63,50,64,55,70,55,71,56,71,57,72,63,77,64,77,64,78,65,79,70,85,70,86,71,86,72,87,
31,54,31,55,33,43,33,55,34,42,34,43,34,52,34,55,35,41,35,42,35,43,35,50,35,55,36,42,36,43,36,44,36,47,36,48,36,49,36,50,37,41,37,42,37,43,37,54,37,55,38,42,38,43,39,43,40,56,41,55,42,55,43,56,48,63,48,64,49,62,49,65,55,71,56,70,57,70,58,71,63,78,63,79,64,77,64,80,70,86,71,85,72,85,73,86,
33,51,33,54,33,55,33,56,34,49,34,50,34,51,34,54,34,55,34,56,35,42,35,43,35,54,35,55,35,56,36,40,36,42,36,44,36,51,37,42,37,43,41,55,42,55,42,56,43,57,48,63,48,64,49,64,50,65,56,70,57,70,57,71,58,72,63,78,63,79,64,79,65,80,71,85,72,85,72,86,73,87,
32,52,32,54,33,50,33,53,33,55,34,41,34,42,34,48,34,49,34,50,34,53,34,55,34,57,35,40,35,41,35,42,35,43,35,49,35,50,35,53,35,55,36,41,36,42,36,50,36,52,36,54,37,40,37,41,37,42,37,43,37,50,38,41,38,42,41,56,41,57,42,55,42,58,48,64,49,63,50,63,51,64,56,71,56,72,57,70,57,73,63,79,64,78,65,78,66,79,71,86,71,87,72,85,72,88,
31,55,32,52,32,53,32,54,32,55,32,56,33,50,33,51,33,52,33,53,33,55,33,56,33,57,34,41,34,43,34,48,34,49,34,52,34,53,34,55,34,56,35,41,35,47,35,52,35,53,35,55,35,56,35,57,36,39,36,41,36,50,36,52,36,53,36,54,36,55,36,56,37,41,37,51,37,52,37,55,38,41,38,43,38,49,41,56,41,57,42,57,43,58,49,63,50,63,50,64,51,65,56,71,56,72,57,72,58,73,64,78,65,78,65,79,66,80,71,86,71,87,72,87,73,88,
31,54,32,55,33,56,34,42,34,48,34,49,34,56,34,58,35,39,35,40,35,42,35,49,35,50,35,56,36,40,36,41,36,42,36,50,36,51,36,52,36,55,37,39,37,40,37,42,37,49,37,50,37,51,37,54,38,42,38,48,38,51,41,57,42,56,43,56,44,57,49,64,49,65,50,63,50,66,56,72,57,71,58,71,59,72,64,79,64,80,65,78,65,81,71,87,72,86,73,86,74,87,
31,56,32,56,32,57,33,42,33,43,33,56,33,57,33,58,34,41,34,42,34,43,34,47,34,55,34,56,34,57,35,39,35,40,35,42,35,48,35,50,35,56,35,57,35,58,36,38,36,42,36,43,36,51,36,52,36,56,36,57,37,39,37,40,37,42,37,47,37,49,37,51,37,56,38,41,38,42,38,43,38,51,39,42,39,43,42,56,43,56,43,57,44,58,49,64,49,65,50,65,51,66,57,71,58,71,58,72,59,73,64,79,64,80,65,80,66,81,72,86,73,86,73,87,74,88,
33,42,33,43,33,44,33,56,33,57,34,40,34,42,34,43,34,44,34,55,34,57,34,59,35,39,35,42,35,46,35,49,35,56,35,57,36,38,36,42,36,43,36,46,36,49,36,52,37,39,37,42,37,48,38,40,38,42,38,43,38,44,38,47,38,48,38,50,39,42,39,43,39,44,42,57,42,58,43,56,43,59,49,65,50,64,51,64,52,65,57,72,57,73,58,71,58,74,64,80,65,79,66,79,67,80,72,87,72,88,73,86,73,89,
32,57,32,58,33,41,33,56,33,57,33,58,33,59,34,39,34,40,34,41,34,42,34,46,34,57,34,58,35,40,35,41,35,42,35,46,35,47,35,56,35,57,35,58,35,59,36,38,36,39,36,42,36,43,36,46,36,47,36,49,36,57,36,58,37,40,37,41,37,42,37,51,38,39,38,40,38,41,38,42,38,47,38,51,39,41,42,57,42,58,43,58,44,59,50,64,51,64,51,65,52,66,57,72,57,73,58,73,59,74,65,79,66,79,66,80,67,81,72,87,72,88,73,88,74,89,
32,56,32,58,33,41,33,42,33,43,33,47,33,58,34,39,34,40,34,42,34,43,34,46,34,48,34,58,34,60,35,38,35,47,35,58,36,39,36,43,36,56,36,58,37,38,37,47,37,48,38,39,38,40,38,42,38,43,38,48,39,41,39,42,39,43,39,50,42,58,43,57,44,57,45,58,50,65,50,66,51,64,51,67,57,73,58,72,59,72,60,73,65,80,65,81,66,79,66,82,72,88,73,87,74,87,75,88,
32,57,33,41,33,42,33,47,33,57,33,59,33,60,34,39,34,40,34,41,34,42,34,46,34,48,34,57,34,58,34,59,35,39,35,40,35,47,35,57,35,59,35,60,36,37,36,38,36,39,36,40,36,48,36,57,37,39,37,40,37,49,38,39,38,40,38,41,38,42,38,49,38,50,39,41,39,42,39,51,43,57,44,57,44,58,45,59,50,65,50,66,51,66,52,67,58,72,59,72,59,73,60,74,65,80,65,81,66,81,67,82,73,87,74,87,74,88,75,89,
31,56,31,57,32,56,32,57,32,58,33,40,33,41,33,47,33,57,33,59,33,60,34,46,34,48,34,56,34,57,34,61,35,41,35,48,35,57,35,59,35,60,36,38,36,41,36,48,36,56,36,57,36,58,37,41,37,47,37,49,37,56,37,57,38,48,38,49,38,50,38,52,39,40,39,41,43,58,43,59,44,57,44,60,50,66,51,65,52,65,53,66,58,73,58,74,59,72,59,75,65,81,66,80,67,80,68,81,73,88,73,89,74,87,74,90,
31,55,31,56,31,57,32,55,32,56,32,57,32,59,33,47,33,57,33,60,34,48,34,56,34,57,34,61,35,37,35,40,35,41,35,42,35,48,35,57,35,60,36,40,36,41,36,42,36,47,36,49,36,55,36,56,36,57,36,59,37,37,37,40,37,41,37,42,37,47,37,52,37,53,37,55,37,56,37,57,38,49,38,50,38,51,39,49,39,50,39,51,39,52,43,58,43,59,44,59,45,60,51,65,52,65,52,66,53,67,58,73,58,74,59,74,60,75,66,80,67,80,67,81,68,82,73,88,73,89,74,89,75,90,
31,58,32,57,32,58,32,59,32,60,33,57,33,58,33,59,34,38,34,40,34,47,34,48,34,56,34,57,34,60,34,61,35,38,35,39,35,41,35,47,35,57,35,58,35,59,36,36,36,37,36,38,36,39,36,41,36,43,36,47,36,50,36,51,36,57,36,58,36,59,36,60,37,38,37,39,37,41,37,50,37,51,37,58,38,38,38,40,38,48,38,49,38,53,39,49,39,52,43,59,44,58,45,58,46,59,51,66,51,67,52,65,52,68,58,74,59,73,60,73,61,74,66,81,66,82,67,80,67,83,73,89,74,88,75,88,76,89,
31,56,31,57,31,58,32,56,32,57,32,59,32,60,33,41,33,61,34,39,34,40,34,41,34,42,34,56,34,60,35,39,35,41,35,42,35,43,35,47,35,61,36,37,36,41,36,42,36,49,36,50,36,56,36,57,36,59,36,60,37,39,37,41,37,42,37,43,37,48,37,49,37,50,37,51,37,56,37,57,37,58,38,39,38,40,38,41,38,42,38,49,38,51,39,41,44,58,45,58,45,59,46,60,51,66,51,67,52,67,53,68,59,73,60,73,60,74,61,75,66,81,66,82,67,82,68,83,74,88,75,88,75,89,76,90,
31,57,31,58,32,57,32,58,32,59,32,60,33,40,33,59,33,60,34,38,34,41,34,59,34,60,34,61,34,62,35,36,35,42,35,59,35,60,36,39,36,42,36,44,36,52,36,57,36,58,36,59,36,60,37,36,37,42,37,51,37,57,37,58,38,38,38,41,38,48,38,51,39,40,39,52,44,59,44,60,45,58,45,61,51,67,52,66,53,66,54,67,59,74,59,75,60,73,60,76,66,82,67,81,68,81,69,82,74,89,74,90,75,88,75,91,
31,58,31,59,33,42,33,58,34,42,34,43,34,58,34,61,35,42,35,43,35,44,35,58,36,35,36,36,36,37,36,38,36,41,36,42,36,43,37,42,37,43,37,44,37,51,37,58,37,59,38,42,38,43,38,51,38,52,39,42,39,53,44,59,44,60,45,60,46,61,52,66,53,66,53,67,54,68,59,74,59,75,60,75,61,76,67,81,68,81,68,82,69,83,74,89,74,90,75,90,76,91,
33,57,33,58,33,59,33,62,34,57,34,58,34,59,35,34,35,42,35,43,35,57,35,58,35,59,35,62,36,34,36,41,36,43,36,45,37,42,37,43,37,52,37,53,38,51,38,54,44,60,45,59,46,59,47,60,52,67,52,68,53,66,53,69,59,75,60,74,61,74,62,75,67,82,67,83,68,81,68,84,74,90,75,89,76,89,77,90,
32,59,32,61,33,58,33,60,33,61,34,33,34,43,34,44,34,56,34,58,34,60,34,61,34,62,34,63,35,33,35,34,35,42,35,43,35,44,35,45,35,58,35,60,35,61,36,33,36,34,36,35,36,43,36,44,36,59,36,61,37,33,37,34,37,35,37,42,37,43,37,44,37,45,37,52,37,53,38,43,38,44,38,53,39,54,45,59,46,59,46,60,47,61,52,67,52,68,53,68,54,69,60,74,61,74,61,75,62,76,67,82,67,83,68,83,69,84,75,89,76,89,76,90,77,91,
31,58,32,57,32,58,32,59,32,60,33,56,33,57,33,58,33,60,34,33,34,42,34,44,34,57,34,58,34,62,35,33,35,36,35,44,35,56,35,57,35,58,35,60,36,34,36,44,36,46,36,57,36,58,36,59,36,60,37,44,37,53,37,58,38,34,38,35,38,36,38,42,38,44,38,52,39,52,40,53,45,60,45,61,46,59,46,62,52,68,53,67,54,67,55,68,60,75,60,76,61,74,61,77,67,83,68,82,69,82,70,83,75,90,75,91,76,89,76,92,
31,59,32,58,32,61,33,57,33,63,34,43,34,55,34,57,34,60,35,37,35,43,35,45,35,46,35,57,35,63,36,34,36,43,36,44,36,45,36,58,36,61,37,33,37,34,37,35,37,36,37,43,37,45,37,46,37,59,38,33,38,34,38,35,38,36,38,37,38,43,38,52,39,35,39,52,39,53,40,54,45,60,45,61,46,61,47,62,53,67,54,67,54,68,55,69,60,75,60,76,61,76,62,77,68,82,69,82,69,83,70,84,75,90,75,91,76,91,77,92,
31,57,32,56,32,57,33,42,33,43,33,55,33,56,33,57,34,42,34,43,34,44,34,56,34,57,34,58,34,61,34,62,34,63,34,64,35,43,35,45,35,46,35,55,35,56,35,57,36,33,36,38,36,42,36,43,36,47,36,56,36,57,37,38,37,43,37,45,37,46,37,57,38,33,38,36,38,37,38,42,38,43,38,44,38,53,38,54,39,35,39,42,39,43,39,52,39,55,45,61,46,60,47,60,48,61,53,68,53,69,54,67,54,70,60,76,61,75,62,75,63,76,68,83,68,84,69,82,69,85,75,91,76,90,77,90,78,91,
33,41,33,42,33,43,33,56,33,57,33,65,34,41,34,42,34,43,34,45,34,54,34,56,34,58,34,65,35,43,35,46,35,56,35,57,36,42,36,43,36,47,37,38,37,43,37,46,38,36,38,37,38,41,38,42,38,43,38,45,38,53,38,54,39,41,39,42,39,43,39,54,40,55,46,60,47,60,47,61,48,62,53,68,53,69,54,69,55,70,61,75,62,75,62,76,63,77,68,83,68,84,69,84,70,85,76,90,77,90,77,91,78,92,
32,55,32,56,32,66,33,44,33,54,33,55,33,56,33,57,33,65,33,66,34,43,34,44,34,45,34,46,34,55,34,56,34,64,34,65,34,66,35,43,35,44,35,45,35,54,35,55,35,56,35,57,35,64,35,65,35,66,36,42,36,43,36,46,36,47,36,55,36,56,37,37,37,43,37,44,37,45,38,37,38,43,38,44,38,45,38,46,38,54,39,44,39,53,40,53,41,54,46,61,46,62,47,60,47,63,53,69,54,68,55,68,56,69,61,76,61,77,62,75,62,78,68,84,69,83,70,83,71,84,76,91,76,92,77,90,77,93,
32,55,32,57,32,66,33,42,33,43,33,44,33,55,33,63,33,66,34,42,34,43,34,45,34,46,34,53,34,55,34,65,35,47,35,55,36,42,36,46,36,55,36,57,36,63,36,64,36,65,37,47,38,42,38,43,38,45,38,46,39,42,39,43,39,44,39,53,40,53,40,54,41,55,46,61,46,62,47,62,48,63,54,68,55,68,55,69,56,70,61,76,61,77,62,77,63,78,69,83,70,83,70,84,71,85,76,91,76,92,77,92,78,93,
32,56,33,43,33,44,33,53,33,54,33,56,33,62,34,43,34,44,34,45,34,46,34,54,34,55,34,56,34,65,35,45,35,46,35,53,35,54,35,56,35,63,35,64,35,65,35,66,36,45,36,46,36,47,36,48,36,56,36,62,36,63,36,64,36,65,36,66,37,45,37,46,37,64,38,43,38,44,38,45,38,46,39,43,39,44,39,54,39,55,40,53,40,56,46,62,47,61,48,61,49,62,54,69,54,70,55,68,55,71,61,77,62,76,63,76,64,77,69,84,69,85,70,83,70,86,76,92,77,91,78,91,79,92,
31,56,31,57,32,55,32,56,32,57,33,44,33,45,33,53,33,54,33,56,34,52,34,56,34,57,34,61,34,66,35,44,35,53,35,54,35,56,35,61,36,44,36,47,36,55,36,56,36,57,36,62,36,63,36,66,37,44,37,56,37,57,37,64,39,44,39,45,39,54,39,55,40,55,41,56,47,61,48,61,48,62,49,63,54,69,54,70,55,70,56,71,62,76,63,76,63,77,64,78,69,84,69,85,70,85,71,86,77,91,78,91,78,92,79,93,
31,56,31,57,31,58,32,54,32,56,32,57,32,58,33,53,33,56,34,52,34,56,34,57,35,43,35,44,35,45,35,48,35,53,35,56,35,61,36,43,36,44,36,45,36,54,36,56,36,57,36,58,36,62,36,63,37,43,37,44,37,45,37,48,37,56,37,57,37,58,39,55,40,54,41,54,42,55,47,62,47,63,48,61,48,64,54,70,55,69,56,69,57,70,62,77,62,78,63,76,63,79,69,85,70,84,71,84,72,85,77,92,77,93,78,91,78,94,
31,55,32,53,32,54,32,55,32,56,33,54,33,55,33,56,34,45,34,47,34,52,34,53,34,56,34,57,35,44,35,46,35,47,35,54,35,55,35,56,35,62,36,42,36,44,36,46,36,47,36,48,36,49,36,53,36,54,36,55,36,56,36,62,37,44,37,46,37,47,37,55,38,45,38,47,40,54,41,54,41,55,42,56,47,62,47,63,48,63,49,64,55,69,56,69,56,70,57,71,62,77,62,78,63,78,64,79,70,84,71,84,71,85,72,86,77,92,77,93,78,93,79,94,
31,55,31,56,31,57,32,53,32,54,32,56,32,57,33,44,33,52,34,43,34,44,34,45,34,46,34,53,34,57,35,42,35,43,35,44,35,46,35,52,36,43,36,44,36,48,36,53,36,54,36,56,36,57,37,42,37,43,37,44,37,46,37,55,37,56,37,57,38,43,38,44,38,45,38,46,39,44,40,55,40,56,41,54,41,57,47,63,48,62,49,62,50,63,55,70,55,71,56,69,56,72,62,78,63,77,64,77,65,78,70,85,70,86,71,84,71,87,77,93,78,92,79,92,80,93,
31,55,31,56,32,53,32,54,32,55,32,56,33,45,33,53,33,54,34,44,34,47,34,51,34,52,34,53,34,54,35,43,35,49,35,53,35,54,36,41,36,43,36,46,36,53,36,54,36,55,36,56,37,43,37,49,37,55,37,56,38,44,38,47,39,45,40,55,40,56,41,56,42,57,48,62,49,62,49,63,50,64,55,70,55,71,56,71,57,72,63,77,64,77,64,78,65,79,70,85,70,86,71,86,72,87,78,92,79,92,79,93,80,94,
31,54,31,55,33,43,33,55,34,42,34,43,34,52,34,55,35,41,35,42,35,43,35,50,35,55,36,42,36,43,36,44,36,47,36,48,36,49,36,50,37,41,37,42,37,43,37,54,37,55,38,42,38,43,39,43,40,56,41,55,42,55,43,56,48,63,48,64,49,62,49,65,55,71,56,70,57,70,58,71,63,78,63,79,64,77,64,80,70,86,71,85,72,85,73,86,78,93,78,94,79,92,79,95,
33,51,33,54,33,55,33,56,34,49,34,50,34,51,34,54,34,55,34,56,35,42,35,43,35,54,35,55,35,56,36,40,36,42,36,44,36,51,37,42,37,43,41,55,42,55,42,56,43,57,48,63,48,64,49,64,50,65,56,70,57,70,57,71,58,72,63,78,63,79,64,79,65,80,71,85,72,85,72,86,73,87,78,93,78,94,79,94,80,95,
32,52,32,54,33,50,33,53,33,55,34,41,34,42,34,48,34,49,34,50,34,53,34,55,34,57,35,40,35,41,35,42,35,43,35,49,35,50,35,53,35,55,36,41,36,42,36,50,36,52,36,54,37,40,37,41,37,42,37,43,37,50,38,41,38,42,41,56,41,57,42,55,42,58,48,64,49,63,50,63,51,64,56,71,56,72,57,70,57,73,63,79,64,78,65,78,66,79,71,86,71,87,72,85,72,88,78,94,79,93,80,93,81,94,
31,55,32,52,32,53,32,54,32,55,32,56,33,50,33,51,33,52,33,53,33,55,33,56,33,57,34,41,34,43,34,48,34,49,34,52,34,53,34,55,34,56,35,41,35,47,35,52,35,53,35,55,35,56,35,57,36,39,36,41,36,50,36,52,36,53,36,54,36,55,36,56,37,41,37,51,37,52,37,55,38,41,38,43,38,49,41,56,41,57,42,57,43,58,49,63,50,63,50,64,51,65,56,71,56,72,57,72,58,73,64,78,65,78,65,79,66,80,71,86,71,87,72,87,73,88,79,93,80,93,80,94,81,95,
31,54,32,55,33,56,34,42,34,48,34,49,34,56,34,58,35,39,35,40,35,42,35,49,35,50,35,56,36,40,36,41,36,42,36,50,36,51,36,52,36,55,37,39,37,40,37,42,37,49,37,50,37,51,37,54,38,42,38,48,38,51,41,57,42,56,43,56,44,57,49,64,49,65,50,63,50,66,56,72,57,71,58,71,59,72,64,79,64,80,65,78,65,81,71,87,72,86,73,86,74,87,79,94,79,95,80,93,80,96,
31,56,32,56,32,57,33,42,33,43,33,56,33,57,33,58,34,41,34,42,34,43,34,47,34,55,34,56,34,57,35,39,35,40,35,42,35,48,35,50,35,56,35,57,35,58,36,38,36,42,36,43,36,51,36,52,36,56,36,57,37,39,37,40,37,42,37,47,37,49,37,51,37,56,38,41,38,42,38,43,38,51,39,42,39,43,42,56,43,56,43,57,44,58,49,64,49,65,50,65,51,66,57,71,58,71,58,72,59,73,64,79,64,80,65,80,66,81,72,86,73,86,73,87,74,88,79,94,79,95,80,95,81,96,
33,42,33,43,33,44,33,56,33,57,34,40,34,42,34,43,34,44,34,55,34,57,34,59,35,39,35,42,35,46,35,49,35,56,35,57,36,38,36,42,36,43,36,46,36,49,36,52,37,39,37,42,37,48,38,40,38,42,38,43,38,44,38,47,38,48,38,50,39,42,39,43,39,44,42,57,42,58,43,56,43,59,49,65,50,64,51,64,52,65,57,72,57,73,58,71,58,74,64,80,65,79,66,79,67,80,72,87,72,88,73,86,73,89,79,95,80,94,81,94,82,95,
32,57,32,58,33,41,33,56,33,57,33,58,33,59,34,39,34,40,34,41,34,42,34,46,34,57,34,58,35,40,35,41,35,42,35,46,35,47,35,56,35,57,35,58,35,59,36,38,36,39,36,42,36,43,36,46,36,47,36,49,36,57,36,58,37,40,37,41,37,42,37,51,38,39,38,40,38,41,38,42,38,47,38,51,39,41,42,57,42,58,43,58,44,59,50,64,51,64,51,65,52,66,57,72,57,73,58,73,59,74,65,79,66,79,66,80,67,81,72,87,72,88,73,88,74,89,80,94,81,94,81,95,82,96,
32,56,32,58,33,41,33,42,33,43,33,47,33,58,34,39,34,40,34,42,34,43,34,46,34,48,34,58,34,60,35,38,35,47,35,58,36,39,36,43,36,56,36,58,37,38,37,47,37,48,38,39,38,40,38,42,38,43,38,48,39,41,39,42,39,43,39,50,42,58,43,57,44,57,45,58,50,65,50,66,51,64,51,67,57,73,58,72,59,72,60,73,65,80,65,81,66,79,66,82,72,88,73,87,74,87,75,88,80,95,80,96,81,94,81,97,
32,57,33,41,33,42,33,47,33,57,33,59,33,60,34,39,34,40,34,41,34,42,34,46,34,48,34,57,34,58,34,59,35,39,35,40,35,47,35,57,35,59,35,60,36,37,36,38,36,39,36,40,36,48,36,57,37,39,37,40,37,49,38,39,38,40,38,41,38,42,38,49,38,50,39,41,39,42,39,51,43,57,44,57,44,58,45,59,50,65,50,66,51,66,52,67,58,72,59,72,59,73,60,74,65,80,65,81,66,81,67,82,73,87,74,87,74,88,75,89,80,95,80,96,81,96,82,97,
31,56,31,57,32,56,32,57,32,58,33,40,33,41,33,47,33,57,33,59,33,60,34,46,34,48,34,56,34,57,34,61,35,41,35,48,35,57,35,59,35,60,36,38,36,41,36,48,36,56,36,57,36,58,37,41,37,47,37,49,37,56,37,57,38,48,38,49,38,50,38,52,39,40,39,41,43,58,43,59,44,57,44,60,50,66,51,65,52,65,53,66,58,73,58,74,59,72,59,75,65,81,66,80,67,80,68,81,73,88,73,89,74,87,74,90,80,96,81,95,82,95,83,96,
31,55,31,56,31,57,32,55,32,56,32,57,32,59,33,47,33,57,33,60,34,48,34,56,34,57,34,61,35,37,35,40,35,41,35,42,35,48,35,57,35,60,36,40,36,41,36,42,36,47,36,49,36,55,36,56,36,57,36,59,37,37,37,40,37,41,37,42,37,47,37,52,37,53,37,55,37,56,37,57,38,49,38,50,38,51,39,49,39,50,39,51,39,52,43,58,43,59,44,59,45,60,51,65,52,65,52,66,53,67,58,73,58,74,59,74,60,75,66,80,67,80,67,81,68,82,73,88,73,89,74,89,75,90,81,95,82,95,82,96,83,97,
36,39,43,48,51,44,51,48,61,42,48,50,54,55,56,42,44,47,53,54,54,54,49,60,43,50,47,47,50,48,41,44,48,53,56,49,56,53,66,47,53,55,59,60,61,47,49,52,58,59,59,59,54,65,48,55,52,52,55,53,46,49,53,58,61,54,61,58,71,52,58,60,64,65,66,52,54,57,63,64,64,64,59,70,53,60,57,57,60,58,51,54,58,63,66,59,66,63,76,57,63,65,69,70,71,57,59,62,68,69,69,69,64,75,58,65,62,62,65,63,56,59,63,68,71,64,71,68,81,62,68,70,74,75,76,62,64,67,73,74,74,74,69,80,63,70,67,67,70,68,61,64,68,73,76,69,76,73,86,67,73,75,79,80,81,67,69,72,78,79,79,79,74,85,68,75,72,72,75,73,66,69,73,78,81,74,81,78,91,72,78,80,84,85,