47,46,47,49,47,51,48,44,48,45,48,47,48,49,48,50,48,51,49,45,49,52,50,44,50,45,50,51,52,45,52,51,52,52,53,44,53,51,54,45,54,46,54,47,54,49,54,51,54,52,55,45,55,47,55,50,
47,45,47,48,48,47,48,48,48,50,48,52,49,45,50,51,51,44,51,45,51,51,51,52,52,45,53,51,54,44,54,46,54,48,54,49,55,48,55,51,
47,44,47,47,47,52,48,46,48,47,49,51,50,51,50,52,52,44,52,45,53,45,54,49,54,50,55,44,55,49,55,52,
46,45,46,46,46,47,46,48,47,45,47,46,47,47,47,48,48,45,48,46,48,47,48,48,48,51,48,52,48,53,49,47,49,48,49,51,49,52,49,53,50,50,50,51,50,52,50,53,51,43,51,44,51,45,51,46,51,50,51,51,51,52,51,53,52,43,52,44,52,45,52,46,53,43,53,44,53,45,53,48,53,49,54,43,54,44,54,45,54,48,54,49,54,50,54,51,55,48,55,49,55,50,55,51,56,48,56,49,56,50,56,51,
45,46,45,47,47,46,47,47,47,50,47,51,48,44,48,50,49,44,49,45,49,47,49,49,49,52,49,54,50,46,50,47,50,49,50,50,50,52,50,54,52,42,52,44,52,46,52,47,52,49,52,50,53,42,53,44,53,47,53,49,53,51,53,52,54,46,54,52,55,45,55,46,55,49,55,50,57,49,57,50,
45,45,45,46,45,47,45,48,46,45,46,46,46,47,46,48,46,49,47,44,47,46,47,47,47,49,47,51,47,52,48,44,48,46,48,47,48,49,48,50,48,53,48,54,49,45,49,47,49,48,49,49,49,51,49,52,49,53,49,54,50,43,50,44,50,45,50,46,50,50,50,51,50,52,50,53,50,54,51,42,51,43,51,46,51,50,51,53,51,54,52,42,52,43,52,44,52,45,52,46,52,50,52,51,52,52,52,53,53,42,53,43,53,44,53,45,53,47,53,48,53,49,53,51,54,42,54,43,54,46,54,47,54,49,54,50,54,52,55,44,55,45,55,47,55,49,55,50,55,52,56,47,56,48,56,49,56,50,56,51,57,48,57,49,57,50,57,51,
45,45,45,48,46,50,47,51,48,44,48,45,48,50,48,51,48,54,49,43,49,45,50,47,50,48,50,49,51,42,51,47,51,49,51,54,52,47,52,48,52,49,53,51,53,53,54,42,54,45,54,46,54,51,54,52,55,45,56,46,57,48,57,51,
47,46,47,50,48,46,49,44,49,48,49,49,49,51,49,52,50,46,50,47,50,49,51,46,51,50,52,47,52,49,52,50,53,44,53,45,53,47,53,48,53,52,54,50,55,46,55,50,
46,49,46,50,47,49,47,51,48,44,48,49,49,43,49,47,49,48,49,49,50,43,50,44,50,45,50,46,50,47,50,48,50,49,50,50,51,46,51,47,51,49,51,50,52,46,52,47,52,48,52,49,52,50,52,51,52,52,52,53,53,47,53,48,53,49,53,53,54,47,54,52,55,45,55,47,56,46,56,47,
47,45,47,48,48,47,48,48,48,50,48,52,49,45,50,51,51,44,51,45,51,51,51,52,52,45,53,51,54,44,54,46,54,48,54,49,55,48,55,51,
47,44,47,47,47,52,48,46,48,47,49,51,50,51,50,52,52,44,52,45,53,45,54,49,54,50,55,44,55,49,55,52,
46,45,46,46,46,47,46,48,47,45,47,46,47,47,47,48,48,45,48,46,48,47,48,48,48,51,48,52,48,53,49,47,49,48,49,51,49,52,49,53,50,50,50,51,50,52,50,53,51,43,51,44,51,45,51,46,51,50,51,51,51,52,51,53,52,43,52,44,52,45,52,46,53,43,53,44,53,45,53,48,53,49,54,43,54,44,54,45,54,48,54,49,54,50,54,51,55,48,55,49,55,50,55,51,56,48,56,49,56,50,56,51,
45,46,45,47,47,46,47,47,47,50,47,51,48,44,48,50,49,44,49,45,49,47,49,49,49,52,49,54,50,46,50,47,50,49,50,50,50,52,50,54,52,42,52,44,52,46,52,47,52,49,52,50,53,42,53,44,53,47,53,49,53,51,53,52,54,46,54,52,55,45,55,46,55,49,55,50,57,49,57,50,
45,45,45,46,45,47,45,48,46,45,46,46,46,47,46,48,46,49,47,44,47,46,47,47,47,49,47,51,47,52,48,44,48,46,48,47,48,49,48,50,48,53,48,54,49,45,49,47,49,48,49,49,49,51,49,52,49,53,49,54,50,43,50,44,50,45,50,46,50,50,50,51,50,52,50,53,50,54,51,42,51,43,51,46,51,50,51,53,51,54,52,42,52,43,52,44,52,45,52,46,52,50,52,51,52,52,52,53,53,42,53,43,53,44,53,45,53,47,53,48,53,49,53,51,54,42,54,43,54,46,54,47,54,49,54,50,54,52,55,44,55,45,55,47,55,49,55,50,55,52,56,47,56,48,56,49,56,50,56,51,57,48,57,49,57,50,57,51,
45,45,45,48,46,50,47,51,48,44,48,45,48,50,48,51,48,54,49,43,49,45,50,47,50,48,50,49,51,42,51,47,51,49,51,54,52,47,52,48,52,49,53,51,53,53,54,42,54,45,54,46,54,51,54,52,55,45,56,46,57,48,57,51,
47,46,47,50,48,46,49,44,49,48,49,49,49,51,49,52,50,46,50,47,50,49,51,46,51,50,52,47,52,49,52,50,53,44,53,45,53,47,53,48,53,52,54,50,55,46,55,50,
46,49,46,50,47,49,47,51,48,44,48,49,49,43,49,47,49,48,49,49,50,43,50,44,50,45,50,46,50,47,50,48,50,49,50,50,51,46,51,47,51,49,51,50,52,46,52,47,52,48,52,49,52,50,52,51,52,52,52,53,53,47,53,48,53,49,53,53,54,47,54,52,55,45,55,47,56,46,56,47,
47,45,47,48,48,47,48,48,48,50,48,52,49,45,50,51,51,44,51,45,51,51,51,52,52,45,53,51,54,44,54,46,54,48,54,49,55,48,55,51,
47,44,47,47,47,52,48,46,48,47,49,51,50,51,50,52,52,44,52,45,53,45,54,49,54,50,55,44,55,49,55,52,
46,45,46,46,46,47,46,48,47,45,47,46,47,47,47,48,48,45,48,46,48,47,48,48,48,51,48,52,48,53,49,47,49,48,49,51,49,52,49,53,50,50,50,51,50,52,50,53,51,43,51,44,51,45,51,46,51,50,51,51,51,52,51,53,52,43,52,44,52,45,52,46,53,43,53,44,53,45,53,48,53,49,54,43,54,44,54,45,54,48,54,49,54,50,54,51,55,48,55,49,55,50,55,51,56,48,56,49,56,50,56,51,
45,46,45,47,47,46,47,47,47,50,47,51,48,44,48,50,49,44,49,45,49,47,49,49,49,52,49,54,50,46,50,47,50,49,50,50,50,52,50,54,52,42,52,44,52,46,52,47,52,49,52,50,53,42,53,44,53,47,53,49,53,51,53,52,54,46,54,52,55,45,55,46,55,49,55,50,57,49,57,50,
45,45,45,46,45,47,45,48,46,45,46,46,46,47,46,48,46,49,47,44,47,46,47,47,47,49,47,51,47,52,48,44,48,46,48,47,48,49,48,50,48,53,48,54,49,45,49,47,49,48,49,49,49,51,49,52,49,53,49,54,50,43,50,44,50,45,50,46,50,50,50,51,50,52,50,53,50,54,51,42,51,43,51,46,51,50,51,53,51,54,52,42,52,43,52,44,52,45,52,46,52,50,52,51,52,52,52,53,53,42,53,43,53,44,53,45,53,47,53,48,53,49,53,51,54,42,54,43,54,46,54,47,54,49,54,50,54,52,55,44,55,45,55,47,55,49,55,50,55,52,56,47,56,48,56,49,56,50,56,51,57,48,57,49,57,50,57,51,
45,45,45,48,46,50,47,51,48,44,48,45,48,50,48,51,48,54,49,43,49,45,50,47,50,48,50,49,51,42,51,47,51,49,51,54,52,47,52,48,52,49,53,51,53,53,54,42,54,45,54,46,54,51,54,52,55,45,56,46,57,48,57,51,
47,46,47,50,48,46,49,44,49,48,49,49,49,51,49,52,50,46,50,47,50,49,51,46,51,50,52,47,52,49,52,50,53,44,53,45,53,47,53,48,53,52,54,50,55,46,55,50,
46,49,46,50,47,49,47,51,48,44,48,49,49,43,49,47,49,48,49,49,50,43,50,44,50,45,50,46,50,47,50,48,50,49,50,50,51,46,51,47,51,49,51,50,52,46,52,47,52,48,52,49,52,50,52,51,52,52,52,53,53,47,53,48,53,49,53,53,54,47,54,52,55,45,55,47,56,46,56,47,
47,45,47,48,48,47,48,48,48,50,48,52,49,45,50,51,51,44,51,45,51,51,51,52,52,45,53,51,54,44,54,46,54,48,54,49,55,48,55,51,
47,44,47,47,47,52,48,46,48,47,49,51,50,51,50,52,52,44,52,45,53,45,54,49,54,50,55,44,55,49,55,52,
46,45,46,46,46,47,46,48,47,45,47,46,47,47,47,48,48,45,48,46,48,47,48,48,48,51,48,52,48,53,49,47,49,48,49,51,49,52,49,53,50,50,50,51,50,52,50,53,51,43,51,44,51,45,51,46,51,50,51,51,51,52,51,53,52,43,52,44,52,45,52,46,53,43,53,44,53,45,53,48,53,49,54,43,54,44,54,45,54,48,54,49,54,50,54,51,55,48,55,49,55,50,55,51,56,48,56,49,56,50,56,51,
45,46,45,47,47,46,47,47,47,50,47,51,48,44,48,50,49,44,49,45,49,47,49,49,49,52,49,54,50,46,50,47,50,49,50,50,50,52,50,54,52,42,52,44,52,46,52,47,52,49,52,50,53,42,53,44,53,47,53,49,53,51,53,52,54,46,54,52,55,45,55,46,55,49,55,50,57,49,57,50,
45,45,45,46,45,47,45,48,46,45,46,46,46,47,46,48,46,49,47,44,47,46,47,47,47,49,47,51,47,52,48,44,48,46,48,47,48,49,48,50,48,53,48,54,49,45,49,47,49,48,49,49,49,51,49,52,49,53,49,54,50,43,50,44,50,45,50,46,50,50,50,51,50,52,50,53,50,54,51,42,51,43,51,46,51,50,51,53,51,54,52,42,52,43,52,44,52,45,52,46,52,50,52,51,52,52,52,53,53,42,53,43,53,44,53,45,53,47,53,48,53,49,53,51,54,42,54,43,54,46,54,47,54,49,54,50,54,52,55,44,55,45,55,47,55,49,55,50,55,52,56,47,56,48,56,49,56,50,56,51,57,48,57,49,57,50,57,51,
45,45,45,48,46,50,47,51,48,44,48,45,48,50,48,51,48,54,49,43,49,45,50,47,50,48,50,49,51,42,51,47,51,49,51,54,52,47,52,48,52,49,53,51,53,53,54,42,54,45,54,46,54,51,54,52,55,45,56,46,57,48,57,51,
47,46,47,50,48,46,49,44,49,48,49,49,49,51,49,52,50,46,50,47,50,49,51,46,51,50,52,47,52,49,52,50,53,44,53,45,53,47,53,48,53,52,54,50,55,46,55,50,
46,49,46,50,47,49,47,51,48,44,48,49,49,43,49,47,49,48,49,49,50,43,50,44,50,45,50,46,50,47,50,48,50,49,50,50,51,46,51,47,51,49,51,50,52,46,52,47,52,48,52,49,52,50,52,51,52,52,52,53,53,47,53,48,53,49,53,53,54,47,54,52,55,45,55,47,56,46,56,47,
47,45,47,48,48,47,48,48,48,50,48,52,49,45,50,51,51,44,51,45,51,51,51,52,52,45,53,51,54,44,54,46,54,48,54,49,55,48,55,51,
47,44,47,47,47,52,48,46,48,47,49,51,50,51,50,52,52,44,52,45,53,45,54,49,54,50,55,44,55,49,55,52,
46,45,46,46,46,47,46,48,47,45,47,46,47,47,47,48,48,45,48,46,48,47,48,48,48,51,48,52,48,53,49,47,49,48,49,51,49,52,49,53,50,50,50,51,50,52,50,53,51,43,51,44,51,45,51,46,51,50,51,51,51,52,51,53,52,43,52,44,52,45,52,46,53,43,53,44,53,45,53,48,53,49,54,43,54,44,54,45,54,48,54,49,54,50,54,51,55,48,55,49,55,50,55,51,56,48,56,49,56,50,56,51,
45,46,45,47,47,46,47,47,47,50,47,51,48,44,48,50,49,44,49,45,49,47,49,49,49,52,49,54,50,46,50,47,50,49,50,50,50,52,50,54,52,42,52,44,52,46,52,47,52,49,52,50,53,42,53,44,53,47,53,49,53,51,53,52,54,46,54,52,55,45,55,46,55,49,55,50,57,49,57,50,
45,45,45,46,45,47,45,48,46,45,46,46,46,47,46,48,46,49,47,44,47,46,47,47,47,49,47,51,47,52,48,44,48,46,48,47,48,49,48,50,48,53,48,54,49,45,49,47,49,48,49,49,49,51,49,52,49,53,49,54,50,43,50,44,50,45,50,46,50,50,50,51,50,52,50,53,50,54,51,42,51,43,51,46,51,50,51,53,51,54,52,42,52,43,52,44,52,45,52,46,52,50,52,51,52,52,52,53,53,42,53,43,53,44,53,45,53,47,53,48,53,49,53,51,54,42,54,43,54,46,54,47,54,49,54,50,54,52,55,44,55,45,55,47,55,49,55,50,55,52,56,47,56,48,56,49,56,50,56,51,57,48,57,49,57,50,57,51,
45,45,45,48,46,50,47,51,48,44,48,45,48,50,48,51,48,54,49,43,49,45,50,47,50,48,50,49,51,42,51,47,51,49,51,54,52,47,52,48,52,49,53,51,53,53,54,42,54,45,54,46,54,51,54,52,55,45,56,46,57,48,57,51,
47,46,47,50,48,46,49,44,49,48,49,49,49,51,49,52,50,46,50,47,50,49,51,46,51,50,52,47,52,49,52,50,53,44,53,45,53,47,53,48,53,52,54,50,55,46,55,50,
46,49,46,50,47,49,47,51,48,44,48,49,49,43,49,47,49,48,49,49,50,43,50,44,50,45,50,46,50,47,50,48,50,49,50,50,51,46,51,47,51,49,51,50,52,46,52,47,52,48,52,49,52,50,52,51,52,52,52,53,53,47,53,48,53,49,53,53,54,47,54,52,55,45,55,47,56,46,56,47,
47,45,47,48,48,47,48,48,48,50,48,52,49,45,50,51,51,44,51,45,51,51,51,52,52,45,53,51,54,44,54,46,54,48,54,49,55,48,55,51,
47,44,47,47,47,52,48,46,48,47,49,51,50,51,50,52,52,44,52,45,53,45,54,49,54,50,55,44,55,49,55,52,
46,45,46,46,46,47,46,48,47,45,47,46,47,47,47,48,48,45,48,46,48,47,48,48,48,51,48,52,48,53,49,47,49,48,49,51,49,52,49,53,50,50,50,51,50,52,50,53,51,43,51,44,51,45,51,46,51,50,51,51,51,52,51,53,52,43,52,44,52,45,52,46,53,43,53,44,53,45,53,48,53,49,54,43,54,44,54,45,54,48,54,49,54,50,54,51,55,48,55,49,55,50,55,51,56,48,56,49,56,50,56,51,
45,46,45,47,47,46,47,47,47,50,47,51,48,44,48,50,49,44,49,45,49,47,49,49,49,52,49,54,50,46,50,47,50,49,50,50,50,52,50,54,52,42,52,44,52,46,52,47,52,49,52,50,53,42,53,44,53,47,53,49,53,51,53,52,54,46,54,52,55,45,55,46,55,49,55,50,57,49,57,50,
45,45,45,46,45,47,45,48,46,45,46,46,46,47,46,48,46,49,47,44,47,46,47,47,47,49,47,51,47,52,48,44,48,46,48,47,48,49,48,50,48,53,48,54,49,45,49,47,49,48,49,49,49,51,49,52,49,53,49,54,50,43,50,44,50,45,50,46,50,50,50,51,50,52,50,53,50,54,51,42,51,43,51,46,51,50,51,53,51,54,52,42,52,43,52,44,52,45,52,46,52,50,52,51,52,52,52,53,53,42,53,43,53,44,53,45,53,47,53,48,53,49,53,51,54,42,54,43,54,46,54,47,54,49,54,50,54,52,55,44,55,45,55,47,55,49,55,50,55,52,56,47,56,48,56,49,56,50,56,51,57,48,57,49,57,50,57,51,
45,45,45,48,46,50,47,51,48,44,48,45,48,50,48,51,48,54,49,43,49,45,50,47,50,48,50,49,51,42,51,47,51,49,51,54,52,47,52,48,52,49,53,51,53,53,54,42,54,45,54,46,54,51,54,52,55,45,56,46,57,48,57,51,
47,46,47,50,48,46,49,44,49,48,49,49,49,51,49,52,50,46,50,47,50,49,51,46,51,50,52,47,52,49,52,50,53,44,53,45,53,47,53,48,53,52,54,50,55,46,55,50,
46,49,46,50,47,49,47,51,48,44,48,49,49,43,49,47,49,48,49,49,50,43,50,44,50,45,50,46,50,47,50,48,50,49,50,50,51,46,51,47,51,49,51,50,52,46,52,47,52,48,52,49,52,50,52,51,52,52,52,53,53,47,53,48,53,49,53,53,54,47,54,52,55,45,55,47,56,46,56,47,
47,45,47,48,48,47,48,48,48,50,48,52,49,45,50,51,51,44,51,45,51,51,51,52,52,45,53,51,54,44,54,46,54,48,54,49,55,48,55,51,
47,44,47,47,47,52,48,46,48,47,49,51,50,51,50,52,52,44,52,45,53,45,54,49,54,50,55,44,55,49,55,52,
28,32,48,40,64,36,36,44,28,32,48,40,64,36,36,44,28,32,48,40,64,36,36,44,28,32,48,40,64,36,36,44,28,32,48,40,64,36,36,44,28,32,48,40,64,36,36,44,28,32,48,